2 0.274194 0.178164 0.432258 0.204675
2 0.272581 0.645382 0.417742 0.076397
0 0.277823 0.781642 0.426613 0.191562
0 0.708468 0.123432 0.395968 0.082668
0 0.728226 0.330673 0.429032 0.190422
0 0.724597 0.554447 0.426613 0.127138
0 0.714113 0.764538 0.394355 0.125428
5 0.299194 0.123147 0.061290 0.014823
5 0.431855 0.620582 0.089516 0.016534
4 0.399597 0.698404 0.045968 0.018244
4 0.874597 0.091790 0.044355 0.017104
4 0.765323 0.246009 0.051613 0.018814
4 0.849597 0.503706 0.047581 0.017674
4 0.863710 0.717503 0.045161 0.017674
