0 0.255242 0.125428 0.376613 0.088940
0 0.274194 0.395667 0.430645 0.321551
0 0.728629 0.151368 0.429839 0.145382
0 0.728226 0.360604 0.435484 0.146522
0 0.717339 0.525941 0.405645 0.128278
0 0.695968 0.677594 0.369355 0.123717
0 0.645968 0.816420 0.267742 0.087799
4 0.410484 0.091790 0.058065 0.017104
4 0.200403 0.263398 0.042742 0.017104
4 0.827823 0.091220 0.044355 0.015964
4 0.702016 0.318985 0.049194 0.016534
4 0.861694 0.473489 0.049194 0.018814
4 0.757661 0.629418 0.042742 0.017104
4 0.735081 0.784208 0.042742 0.015393
