0 0.274194 0.190137 0.430645 0.217218
0 0.278629 0.421608 0.428226 0.107754
0 0.277823 0.631129 0.425000 0.185861
2 0.270968 0.859749 0.437097 0.126568
0 0.728226 0.557298 0.427419 0.221779
2 0.728226 0.789054 0.438710 0.104903
1 0.726613 0.885120 0.424194 0.080388
4 0.188710 0.107754 0.048387 0.014823
4 0.456452 0.380274 0.061290 0.018244
4 0.359677 0.552452 0.043548 0.019384
5 0.183468 0.841790 0.084677 0.016534
4 0.811694 0.473204 0.045968 0.017104
5 0.890323 0.762258 0.083871 0.015964
4 0.554839 0.906784 0.027419 0.016534
