0 0.278226 0.244299 0.430645 0.140821
0 0.252823 0.423603 0.379839 0.126568
0 0.274194 0.628848 0.430645 0.144812
0 0.229839 0.812714 0.333871 0.087229
0 0.729839 0.159635 0.430645 0.158495
0 0.729839 0.418757 0.433871 0.228620
0 0.726210 0.675599 0.434677 0.169897
3 0.729839 0.875998 0.433871 0.080388
4 0.449597 0.185576 0.044355 0.017674
4 0.415323 0.375998 0.038710 0.014253
4 0.186290 0.585804 0.048387 0.016534
4 0.352823 0.778221 0.062097 0.014823
4 0.637097 0.108609 0.046774 0.019954
4 0.768952 0.337229 0.047581 0.017674
4 0.666129 0.622577 0.045161 0.014823
5 0.602016 0.879418 0.081452 0.015393
