0 0.275000 0.172463 0.429032 0.186431
0 0.274597 0.466933 0.434677 0.266819
0 0.274597 0.757982 0.434677 0.252566
0 0.724597 0.128848 0.436290 0.100342
0 0.729839 0.324116 0.443548 0.146522
0 0.714113 0.524230 0.400806 0.123717
0 0.708468 0.716933 0.392742 0.125998
4 0.410887 0.091790 0.045968 0.018244
4 0.404032 0.349202 0.064516 0.015393
4 0.356855 0.661345 0.044355 0.014823
4 0.693548 0.108324 0.046774 0.014823
4 0.554839 0.278506 0.027419 0.016534
4 0.864516 0.471779 0.043548 0.015393
4 0.864113 0.665051 0.042742 0.016534
