0 0.271371 0.389111 0.425000 0.141961
0 0.260081 0.627708 0.391129 0.119726
1 0.274194 0.853763 0.427419 0.114595
1 0.739113 0.117731 0.426613 0.075827
0 0.729839 0.343216 0.432258 0.159635
2 0.727823 0.618016 0.426613 0.173318
2 0.729839 0.814994 0.437097 0.192132
4 0.114516 0.346351 0.046774 0.016534
4 0.323790 0.578677 0.055645 0.018244
4 0.365726 0.809863 0.045968 0.018814
4 0.553629 0.294185 0.033065 0.015964
5 0.600000 0.595781 0.046774 0.017104
5 0.660081 0.785063 0.052419 0.015964
5 0.749597 0.561574 0.049194 0.019384
5 0.887500 0.750855 0.049194 0.014823
