0 0.264113 0.122577 0.399194 0.080958
0 0.240323 0.277936 0.354839 0.090650
0 0.276210 0.453820 0.441129 0.123147
0 0.277823 0.668757 0.434677 0.176739
3 0.278226 0.874287 0.427419 0.096351
3 0.724597 0.139681 0.429839 0.123147
2 0.728629 0.331243 0.433065 0.240593
0 0.720968 0.555017 0.427419 0.087229
0 0.729839 0.790764 0.443548 0.248575
4 0.433065 0.091220 0.040323 0.015964
4 0.381048 0.246864 0.045968 0.015964
4 0.413306 0.403079 0.042742 0.015964
4 0.216532 0.611174 0.044355 0.015964
5 0.295565 0.851767 0.083065 0.017104
5 0.720968 0.238312 0.056452 0.014823
4 0.904032 0.522520 0.040323 0.015393
4 0.823387 0.677594 0.061290 0.013113
