0 0.251613 0.143672 0.383871 0.132269
0 0.244355 0.338655 0.362903 0.126568
0 0.276613 0.567560 0.433871 0.198974
0 0.276210 0.827537 0.437903 0.183010
0 0.703226 0.144527 0.382258 0.121437
0 0.728226 0.369441 0.435484 0.194983
0 0.725000 0.641961 0.435484 0.224629
1 0.700000 0.862315 0.380645 0.086089
4 0.342339 0.091220 0.042742 0.018244
4 0.386290 0.285918 0.040323 0.015393
4 0.460887 0.480331 0.044355 0.019954
4 0.158065 0.764253 0.059677 0.016534
4 0.845161 0.092930 0.045161 0.015964
4 0.551613 0.301311 0.029032 0.014253
4 0.906048 0.560148 0.044355 0.016534
4 0.858065 0.832953 0.046774 0.017104
