0 0.278629 0.252566 0.421774 0.125428
0 0.261694 0.449544 0.399194 0.122577
0 0.231855 0.622292 0.336290 0.090650
0 0.244355 0.794755 0.361290 0.127708
0 0.722984 0.254276 0.434677 0.122007
0 0.692339 0.464367 0.357258 0.118016
0 0.724194 0.756842 0.425806 0.279932
4 0.425403 0.204105 0.047581 0.014823
4 0.337903 0.398518 0.048387 0.014823
4 0.374194 0.592360 0.045161 0.018244
4 0.342742 0.745439 0.043548 0.018814
4 0.840726 0.204390 0.045968 0.015393
4 0.820968 0.415621 0.040323 0.014823
4 0.883065 0.628563 0.046774 0.018814
