0 0.274597 0.206956 0.425000 0.147092
2 0.276210 0.407355 0.425000 0.163626
0 0.274597 0.567560 0.423387 0.141961
0 0.274597 0.804162 0.431452 0.195553
2 0.733468 0.200684 0.437903 0.241733
0 0.726210 0.416192 0.428226 0.174458
0 0.731452 0.662201 0.441935 0.145382
1 0.731855 0.871437 0.445968 0.111174
4 0.112097 0.161916 0.050000 0.018244
5 0.244758 0.353478 0.057258 0.014823
4 0.214919 0.522520 0.044355 0.016534
4 0.188306 0.732896 0.050806 0.015393
5 0.555242 0.106899 0.037903 0.018814
4 0.553226 0.351197 0.035484 0.015964
4 0.554032 0.618871 0.037097 0.016534
4 0.583065 0.846351 0.041935 0.014253
