0 0.276613 0.132554 0.433871 0.102052
0 0.247581 0.314139 0.366129 0.123147
0 0.274194 0.522520 0.440323 0.154504
0 0.274597 0.766819 0.431452 0.198404
0 0.729839 0.167047 0.430645 0.173318
2 0.722984 0.368871 0.421774 0.094641
2 0.724597 0.490593 0.429839 0.139681
4 0.150000 0.108039 0.041935 0.017674
4 0.403226 0.262543 0.045161 0.015393
4 0.332661 0.456100 0.049194 0.018244
4 0.201613 0.697834 0.045161 0.017104
4 0.841129 0.107469 0.045161 0.016534
5 0.873790 0.334094 0.054032 0.018244
5 0.552419 0.446978 0.030645 0.015964
