2 0.276613 0.159065 0.437097 0.167617
0 0.276210 0.340650 0.423387 0.186431
0 0.278226 0.685861 0.433871 0.363740
2 0.722984 0.212087 0.425000 0.233751
0 0.722984 0.422463 0.425000 0.164196
0 0.725000 0.667902 0.438710 0.194413
1 0.700000 0.875998 0.377419 0.089510
5 0.118952 0.108609 0.057258 0.018814
4 0.397581 0.258267 0.043548 0.013683
4 0.335081 0.531642 0.039516 0.014253
5 0.766129 0.128278 0.091935 0.017104
4 0.663306 0.369441 0.045968 0.014823
4 0.615726 0.597491 0.041129 0.014823
4 0.797984 0.841505 0.041129 0.014823
