1 0.199194 0.113455 0.259677 0.068415
0 0.276210 0.287058 0.437903 0.148803
0 0.278226 0.485747 0.432258 0.110604
0 0.279839 0.695268 0.433871 0.190992
3 0.275000 0.882554 0.438710 0.068415
3 0.733468 0.146237 0.439516 0.135120
0 0.724597 0.342075 0.428226 0.118586
4 0.433065 0.226625 0.046774 0.013113
4 0.123790 0.458096 0.065323 0.018814
4 0.419758 0.612600 0.045968 0.016534
5 0.256048 0.860319 0.086290 0.018244
5 0.908468 0.160775 0.047581 0.011403
5 0.862097 0.198404 0.048387 0.013683
5 0.702016 0.293900 0.089516 0.017674
