0 0.279839 0.151083 0.429032 0.140251
0 0.272581 0.377708 0.430645 0.139681
0 0.274194 0.664196 0.433871 0.294185
2 0.724597 0.168472 0.439516 0.171608
0 0.735484 0.359749 0.453226 0.189282
0 0.730242 0.653649 0.442742 0.217218
1 0.730242 0.884835 0.437903 0.077537
4 0.402419 0.091505 0.043548 0.015393
4 0.216129 0.337229 0.046774 0.017674
4 0.386694 0.546180 0.045968 0.018244
5 0.668952 0.123432 0.084677 0.016534
4 0.717742 0.294470 0.048387 0.016534
4 0.599597 0.570981 0.042742 0.016534
4 0.619355 0.875428 0.045161 0.016534
