1 0.275000 0.162486 0.437097 0.169897
0 0.269355 0.391391 0.430645 0.107754
0 0.251613 0.668757 0.380645 0.285063
1 0.274597 0.894527 0.434677 0.051311
1 0.733065 0.146237 0.429032 0.135120
0 0.705242 0.366876 0.386290 0.130559
0 0.729839 0.608894 0.433871 0.187001
1 0.726210 0.850912 0.428226 0.119156
4 0.187500 0.365735 0.042742 0.015393
4 0.401210 0.539909 0.044355 0.015964
4 0.112097 0.901653 0.046774 0.015393
4 0.833468 0.315849 0.042742 0.020525
4 0.841532 0.528791 0.042742 0.021095
4 0.887500 0.806442 0.045968 0.018814
