0 0.267742 0.285348 0.432258 0.128278
0 0.278226 0.502566 0.432258 0.186431
0 0.237097 0.725485 0.354839 0.136260
1 0.275000 0.883124 0.438710 0.066135
1 0.733065 0.130844 0.433871 0.103193
2 0.722581 0.309578 0.427419 0.159635
0 0.733468 0.476625 0.450806 0.156214
0 0.726613 0.769669 0.432258 0.289624
4 0.458871 0.234892 0.038710 0.015964
4 0.289919 0.444698 0.047581 0.015964
4 0.360887 0.677594 0.045968 0.016534
4 0.411694 0.886830 0.044355 0.018814
5 0.605242 0.259122 0.058871 0.015393
4 0.553629 0.426454 0.033065 0.017104
4 0.777419 0.651653 0.045161 0.017104
