0 0.274194 0.144812 0.422581 0.126568
0 0.272984 0.404504 0.431452 0.226340
0 0.276613 0.677309 0.430645 0.159635
1 0.270565 0.872862 0.434677 0.067275
1 0.662500 0.104333 0.275000 0.054732
0 0.733468 0.307013 0.437903 0.187571
0 0.713710 0.550456 0.403226 0.121437
3 0.731452 0.812714 0.440323 0.217218
4 0.456855 0.091790 0.041129 0.012543
4 0.188306 0.320125 0.045968 0.016534
4 0.381452 0.609749 0.045161 0.019954
4 0.231452 0.871722 0.041935 0.018244
4 0.850806 0.224914 0.041935 0.017674
4 0.871774 0.503706 0.048387 0.019954
5 0.760081 0.731756 0.055645 0.015393
