0 0.256452 0.141106 0.383871 0.128278
0 0.211694 0.332668 0.294355 0.088369
0 0.274194 0.685576 0.433871 0.437286
0 0.688710 0.144527 0.351613 0.122577
0 0.724194 0.343216 0.432258 0.099202
0 0.728226 0.581528 0.435484 0.236032
3 0.724597 0.857469 0.436290 0.133409
4 0.386694 0.091790 0.047581 0.018244
4 0.306855 0.305017 0.042742 0.015964
4 0.239516 0.494299 0.050000 0.017104
4 0.835484 0.093216 0.046774 0.015393
4 0.592339 0.320410 0.060484 0.017104
4 0.552016 0.492303 0.037903 0.019954
5 0.547984 0.831813 0.031452 0.015964
