0 0.220565 0.121722 0.316935 0.090650
0 0.240726 0.295610 0.357258 0.089510
0 0.247984 0.473204 0.387903 0.092360
0 0.272581 0.645097 0.432258 0.087229
0 0.276613 0.827537 0.429032 0.105473
0 0.724597 0.141391 0.428226 0.124287
0 0.726210 0.340935 0.426613 0.094641
0 0.729839 0.532212 0.433871 0.113455
0 0.728226 0.789624 0.432258 0.236032
4 0.335484 0.091505 0.061290 0.017674
4 0.385484 0.264538 0.046774 0.015964
4 0.403226 0.440137 0.066129 0.015964
4 0.458468 0.613170 0.044355 0.014253
4 0.180645 0.803307 0.061290 0.018244
4 0.836694 0.092360 0.045968 0.019384
4 0.555242 0.321551 0.037903 0.014823
4 0.583468 0.511973 0.042742 0.017104
4 0.880645 0.683580 0.043548 0.018244
