0 0.278629 0.149943 0.425000 0.140251
0 0.278226 0.404504 0.427419 0.189852
0 0.272984 0.653934 0.421774 0.135690
1 0.269355 0.866876 0.435484 0.111174
1 0.733871 0.118016 0.425806 0.080958
0 0.728226 0.294755 0.432258 0.101482
2 0.728226 0.501140 0.435484 0.129989
2 0.729839 0.641391 0.435484 0.141391
4 0.386694 0.091505 0.041129 0.015393
4 0.362500 0.321551 0.042742 0.017104
4 0.397177 0.598917 0.044355 0.018814
4 0.215323 0.842645 0.043548 0.017104
4 0.609274 0.273375 0.058871 0.016534
5 0.735484 0.464367 0.085484 0.016534
5 0.633871 0.612315 0.083871 0.013683
