0 0.235484 0.352908 0.346774 0.118586
0 0.276210 0.528221 0.423387 0.171608
0 0.203226 0.690137 0.283871 0.087229
0 0.276210 0.835234 0.428226 0.143672
0 0.728226 0.155074 0.429032 0.148233
0 0.724597 0.389966 0.429839 0.171038
2 0.728226 0.619156 0.437097 0.149373
2 0.728226 0.753421 0.432258 0.107754
1 0.728226 0.866876 0.445161 0.105473
4 0.329435 0.303307 0.044355 0.015964
4 0.343952 0.458666 0.052419 0.017674
4 0.314516 0.661060 0.058065 0.016534
4 0.114919 0.795040 0.047581 0.015393
4 0.560484 0.108609 0.053226 0.018814
4 0.554435 0.334664 0.031452 0.018244
5 0.647581 0.575257 0.085484 0.015964
5 0.564113 0.726625 0.054032 0.018814
4 0.777016 0.840365 0.047581 0.019384
