0 0.276613 0.150798 0.429032 0.140821
0 0.276210 0.340935 0.426613 0.108324
0 0.224194 0.502851 0.325806 0.091220
0 0.244355 0.659065 0.380645 0.083238
0 0.226613 0.813854 0.329032 0.091790
0 0.681855 0.141391 0.352419 0.127708
0 0.728226 0.354333 0.430645 0.164766
0 0.729839 0.568700 0.435484 0.141961
4 0.106452 0.108039 0.030645 0.015393
4 0.119758 0.316990 0.058871 0.018244
4 0.329435 0.471779 0.044355 0.015393
4 0.297581 0.627708 0.045161 0.013683
4 0.216532 0.781927 0.047581 0.017674
4 0.790726 0.092075 0.042742 0.016534
4 0.668145 0.286203 0.044355 0.015964
4 0.751613 0.511403 0.040323 0.017104
