1 0.276210 0.227480 0.428226 0.262258
0 0.278226 0.499430 0.433871 0.141391
2 0.276210 0.777081 0.429839 0.277081
0 0.677823 0.163056 0.325000 0.123147
0 0.726210 0.372577 0.431452 0.159065
0 0.729839 0.636545 0.437097 0.235462
1 0.685081 0.868586 0.355645 0.087229
4 0.153629 0.456100 0.063710 0.019384
5 0.399597 0.710376 0.073387 0.014823
4 0.797984 0.112885 0.041129 0.018244
4 0.554839 0.318985 0.037097 0.016534
4 0.597984 0.549316 0.045968 0.016534
4 0.828629 0.837229 0.042742 0.016534
5 0.351210 0.670753 0.034677 0.016534
