1 0.242742 0.133124 0.338710 0.102052
0 0.276613 0.348347 0.425806 0.188141
0 0.265726 0.572976 0.408871 0.133409
0 0.258468 0.767674 0.399194 0.125998
0 0.699597 0.140251 0.371774 0.122007
0 0.656855 0.317845 0.292742 0.081528
0 0.728226 0.568985 0.433871 0.277081
0 0.712097 0.824116 0.400000 0.172748
4 0.404839 0.265393 0.061290 0.015393
4 0.439113 0.524230 0.041129 0.017674
4 0.342742 0.716933 0.043548 0.018814
4 0.837903 0.091505 0.059677 0.017674
4 0.758871 0.286203 0.058065 0.015964
4 0.736290 0.456670 0.041935 0.017104
4 0.877823 0.752566 0.047581 0.017104
