1 0.278226 0.105473 0.420968 0.057013
0 0.272984 0.254276 0.441129 0.141391
0 0.270968 0.439852 0.411290 0.123717
2 0.272581 0.596066 0.435484 0.088369
0 0.279839 0.723489 0.430645 0.155074
0 0.733468 0.401083 0.437903 0.153364
4 0.678226 0.575257 0.337097 0.127708
2 0.721371 0.752851 0.426613 0.135120
4 0.228226 0.216933 0.038710 0.014253
4 0.404839 0.390251 0.045161 0.014253
5 0.112500 0.582383 0.049194 0.016534
4 0.358065 0.657640 0.059677 0.016534
4 0.560484 0.351197 0.041935 0.015964
4 0.819355 0.525656 0.045161 0.013683
5 0.806452 0.700399 0.062903 0.016534
