0 0.278226 0.476910 0.427419 0.140821
0 0.276210 0.676454 0.428226 0.122577
0 0.210484 0.852623 0.298387 0.091790
0 0.726613 0.254276 0.433871 0.124287
0 0.722984 0.432440 0.423387 0.102052
0 0.720968 0.631414 0.420968 0.195553
0 0.658871 0.846066 0.295161 0.124287
4 0.135484 0.434151 0.050000 0.016534
4 0.428629 0.626853 0.091129 0.017674
4 0.329032 0.819840 0.043548 0.019384
4 0.598387 0.216648 0.074194 0.015964
4 0.604839 0.410490 0.059677 0.018244
4 0.899194 0.545325 0.045161 0.018814
4 0.760081 0.795040 0.044355 0.017674
