0 0.281452 0.457811 0.425806 0.151653
0 0.274597 0.688997 0.428226 0.198974
1 0.276613 0.876853 0.430645 0.072976
1 0.722581 0.122292 0.396774 0.082668
0 0.731452 0.289909 0.432258 0.155644
0 0.699194 0.481756 0.369355 0.123147
2 0.726613 0.658780 0.433871 0.122577
2 0.724597 0.781357 0.434677 0.104333
1 0.722581 0.852338 0.433871 0.023945
4 0.110484 0.409350 0.048387 0.017104
4 0.415726 0.599487 0.044355 0.017674
4 0.114113 0.869441 0.047581 0.018244
4 0.554839 0.241448 0.033871 0.017674
4 0.839113 0.433010 0.042742 0.017674
5 0.601210 0.622292 0.052419 0.017674
5 0.626210 0.771665 0.054032 0.016534
4 0.903226 0.850342 0.048387 0.016534
