1 0.240726 0.103763 0.352419 0.046750
0 0.276210 0.300171 0.436290 0.176169
0 0.274194 0.539909 0.433871 0.204105
1 0.274597 0.815279 0.436290 0.209806
1 0.699194 0.108609 0.356452 0.049601
0 0.731855 0.293330 0.449194 0.193273
0 0.728226 0.531357 0.432258 0.133409
0 0.728226 0.778221 0.437097 0.218928
4 0.112097 0.241448 0.043548 0.015393
4 0.427016 0.450684 0.044355 0.018814
4 0.352419 0.721494 0.046774 0.015393
4 0.596774 0.223489 0.045161 0.017104
5 0.879032 0.473774 0.066129 0.012543
5 0.856048 0.683010 0.066935 0.018244
