1 0.280242 0.143957 0.429839 0.120296
0 0.275000 0.390536 0.430645 0.254276
0 0.277823 0.688997 0.431452 0.205815
1 0.272581 0.885975 0.416129 0.045610
1 0.676613 0.122007 0.314516 0.083238
0 0.731855 0.355188 0.441129 0.239453
0 0.730242 0.665051 0.429839 0.258267
1 0.729839 0.884550 0.433871 0.047320
4 0.231452 0.295610 0.043548 0.016534
4 0.435484 0.601197 0.043548 0.014253
4 0.445161 0.876568 0.045161 0.016534
4 0.611694 0.260547 0.047581 0.017104
4 0.878629 0.550741 0.044355 0.014823
4 0.737097 0.890536 0.046774 0.017104
