1 0.283065 0.122862 0.414516 0.087229
0 0.276613 0.312714 0.433871 0.167047
0 0.274597 0.540764 0.420161 0.140821
1 0.276210 0.792189 0.437903 0.230901
1 0.733468 0.123432 0.421774 0.092930
0 0.715726 0.304162 0.413710 0.122577
0 0.721371 0.526511 0.421774 0.144242
0 0.720968 0.756842 0.420968 0.140821
4 0.103629 0.255986 0.037903 0.018244
4 0.231855 0.497149 0.044355 0.019384
4 0.328629 0.705530 0.044355 0.016534
4 0.895161 0.254561 0.045161 0.017674
4 0.555242 0.483181 0.029839 0.016534
4 0.562903 0.712087 0.048387 0.015964
