1 0.275000 0.104903 0.411290 0.051311
0 0.272984 0.247149 0.431452 0.108894
0 0.275000 0.437571 0.419355 0.140821
0 0.270968 0.874287 0.412903 0.090650
0 0.694355 0.126283 0.366129 0.098632
0 0.667742 0.285063 0.319355 0.096921
0 0.726613 0.471779 0.430645 0.169327
0 0.708871 0.667902 0.395161 0.089510
3 0.726613 0.848632 0.429032 0.140821
4 0.320161 0.222064 0.058065 0.017674
4 0.398790 0.377708 0.047581 0.015393
4 0.436694 0.843501 0.062097 0.015393
4 0.844758 0.091505 0.045968 0.017674
4 0.754032 0.247434 0.048387 0.017104
4 0.866935 0.403364 0.045161 0.017674
4 0.864516 0.633124 0.041935 0.015393
5 0.844758 0.804732 0.083065 0.015393
