0 0.272581 0.214082 0.430645 0.263968
0 0.276210 0.468073 0.434677 0.106043
0 0.239113 0.667047 0.360484 0.140251
0 0.270968 0.849487 0.427419 0.106043
0 0.730242 0.170753 0.437903 0.175029
0 0.728629 0.455245 0.444355 0.221779
0 0.686694 0.712942 0.344355 0.119156
1 0.690726 0.884835 0.352419 0.054732
4 0.379032 0.108039 0.046774 0.014253
4 0.122177 0.441562 0.055645 0.018814
4 0.382258 0.615735 0.045161 0.017104
4 0.182661 0.824971 0.047581 0.015964
4 0.745968 0.107184 0.041935 0.015964
4 0.656452 0.375428 0.058065 0.016534
4 0.797581 0.664196 0.059677 0.015964
4 0.827823 0.878848 0.041129 0.018814
