2 0.274194 0.159350 0.427419 0.163626
0 0.226210 0.293330 0.321774 0.091790
0 0.278629 0.506842 0.428226 0.173318
0 0.274597 0.759407 0.428226 0.151653
0 0.726210 0.156214 0.431452 0.153934
0 0.728629 0.368016 0.428226 0.107754
0 0.724597 0.575827 0.425000 0.140251
0 0.699597 0.774230 0.379839 0.084379
5 0.443145 0.107754 0.057258 0.014823
4 0.358468 0.262258 0.044355 0.015964
4 0.306048 0.451824 0.047581 0.017674
4 0.402016 0.696408 0.052419 0.019954
4 0.846774 0.091505 0.048387 0.017674
4 0.584677 0.343216 0.050000 0.015964
4 0.551613 0.533922 0.027419 0.018814
4 0.846774 0.746009 0.045161 0.016534
