1 0.283065 0.126283 0.414516 0.094071
0 0.277823 0.320696 0.425000 0.155644
0 0.276613 0.561574 0.429032 0.189282
1 0.276613 0.831243 0.433871 0.172178
1 0.731855 0.113740 0.413710 0.072406
0 0.724597 0.293330 0.426613 0.144242
1 0.726210 0.510262 0.437903 0.157355
2 0.724194 0.710376 0.433871 0.102623
1 0.726210 0.845211 0.431452 0.144242
4 0.393548 0.254276 0.050000 0.017104
4 0.108065 0.512828 0.033871 0.018814
4 0.166532 0.771380 0.045968 0.020525
4 0.560887 0.251140 0.047581 0.017674
4 0.612097 0.460091 0.046774 0.017104
5 0.816532 0.705530 0.068548 0.016534
4 0.552016 0.798746 0.033065 0.015964
