3 0.276613 0.169327 0.430645 0.185861
0 0.279839 0.378848 0.430645 0.198974
0 0.277823 0.631984 0.425000 0.155644
1 0.279839 0.849487 0.430645 0.145952
1 0.722581 0.159350 0.430645 0.169327
0 0.725000 0.414481 0.435484 0.212087
0 0.706855 0.635975 0.391129 0.087229
0 0.728226 0.819270 0.427419 0.140251
4 0.449597 0.290764 0.044355 0.018244
4 0.104032 0.580673 0.032258 0.016534
4 0.134274 0.805302 0.044355 0.014253
4 0.642339 0.336089 0.058871 0.017674
4 0.872984 0.606043 0.041129 0.018244
4 0.552823 0.776511 0.034677 0.018244
