0 0.275000 0.188997 0.430645 0.229761
0 0.262097 0.432155 0.400000 0.122007
0 0.247984 0.626283 0.373387 0.127138
0 0.270968 0.821266 0.412903 0.124857
2 0.726613 0.213797 0.432258 0.269099
0 0.710081 0.410775 0.392742 0.118016
0 0.728226 0.667332 0.430645 0.249145
4 0.106855 0.108039 0.029839 0.021095
4 0.393548 0.381129 0.043548 0.017674
4 0.335081 0.575542 0.044355 0.016534
4 0.387097 0.769384 0.046774 0.017674
5 0.849597 0.091505 0.083065 0.015393
4 0.827823 0.361745 0.047581 0.016534
4 0.806048 0.555302 0.045968 0.019384
