0 0.276210 0.163341 0.428226 0.168187
2 0.274194 0.398518 0.435484 0.144812
2 0.276210 0.530502 0.425000 0.108894
0 0.272984 0.736887 0.425000 0.292474
0 0.726210 0.205530 0.425000 0.253706
0 0.728226 0.454960 0.427419 0.143672
0 0.724597 0.666762 0.434677 0.184151
0 0.724194 0.846066 0.424194 0.104903
4 0.388710 0.092075 0.048387 0.017674
5 0.156048 0.348632 0.055645 0.015393
5 0.238306 0.500570 0.055645 0.014823
4 0.149194 0.614595 0.048387 0.018244
4 0.857258 0.091505 0.048387 0.015393
4 0.583468 0.411060 0.049194 0.018244
4 0.875000 0.585234 0.045161 0.016534
4 0.768548 0.805587 0.043548 0.018244
