0 0.278226 0.148233 0.420968 0.137970
2 0.277823 0.342360 0.425000 0.104333
2 0.281452 0.458666 0.424194 0.108894
2 0.276613 0.616021 0.430645 0.195553
0 0.276210 0.791334 0.425000 0.137970
0 0.726613 0.240308 0.433871 0.277651
0 0.728226 0.540764 0.433871 0.299316
1 0.724194 0.840935 0.432258 0.158495
4 0.217742 0.107469 0.046774 0.016534
5 0.111290 0.316990 0.048387 0.018244
5 0.111694 0.430160 0.054032 0.017674
5 0.243548 0.542474 0.051613 0.016534
4 0.387500 0.732896 0.045968 0.016534
4 0.856048 0.110604 0.044355 0.017104
4 0.552823 0.418187 0.029839 0.017674
4 0.882661 0.772805 0.044355 0.017674
