1 0.283871 0.120867 0.416129 0.079818
0 0.272581 0.291904 0.420968 0.132269
0 0.277823 0.499715 0.425000 0.154504
0 0.274597 0.718073 0.425000 0.145382
1 0.256855 0.885975 0.392742 0.064994
1 0.625000 0.114595 0.214516 0.069555
0 0.722984 0.330388 0.426613 0.235462
2 0.724597 0.607754 0.434677 0.193843
2 0.725000 0.817845 0.430645 0.204675
4 0.409274 0.238883 0.042742 0.015964
4 0.432258 0.432725 0.045161 0.014823
4 0.113710 0.674458 0.043548 0.012543
4 0.423790 0.867446 0.039516 0.014253
4 0.554435 0.257697 0.028226 0.017104
5 0.601210 0.540764 0.050806 0.015393
5 0.757661 0.747149 0.086290 0.015393
