0 0.247581 0.228050 0.385484 0.129989
0 0.274597 0.425884 0.425000 0.180160
0 0.274597 0.630274 0.428226 0.136260
0 0.249597 0.823546 0.360484 0.141961
0 0.728226 0.149943 0.427419 0.141391
0 0.729839 0.431870 0.435484 0.319840
0 0.722984 0.704675 0.416935 0.141391
3 0.731855 0.871722 0.441129 0.095781
4 0.410887 0.179019 0.050806 0.017104
4 0.306452 0.352338 0.045161 0.018244
4 0.447177 0.577252 0.041129 0.017674
4 0.394758 0.765964 0.049194 0.016534
4 0.581855 0.106899 0.039516 0.018814
4 0.725403 0.298176 0.045968 0.018244
4 0.752419 0.660205 0.046774 0.018244
5 0.772984 0.867731 0.083065 0.013683
