0 0.272581 0.149943 0.424194 0.140251
0 0.272581 0.340365 0.435484 0.110604
0 0.268952 0.531927 0.426613 0.141391
0 0.277823 0.745154 0.425000 0.150513
1 0.270161 0.899943 0.425806 0.038198
1 0.715323 0.135405 0.382258 0.112315
0 0.731452 0.333238 0.441935 0.160205
0 0.733065 0.586374 0.433871 0.228620
1 0.728226 0.840650 0.438710 0.151083
4 0.114113 0.107184 0.050806 0.013683
4 0.104435 0.316420 0.031452 0.014823
4 0.208468 0.489738 0.044355 0.020525
4 0.106048 0.697548 0.039516 0.021095
4 0.165726 0.905644 0.047581 0.016534
4 0.562097 0.281642 0.041935 0.014823
4 0.561694 0.507127 0.045968 0.015393
4 0.685484 0.796465 0.041935 0.014823
