0 0.278226 0.222064 0.424194 0.171608
0 0.276210 0.475485 0.439516 0.198404
0 0.274597 0.746864 0.431452 0.157355
0 0.726210 0.150513 0.426613 0.143672
2 0.731452 0.391676 0.432258 0.174458
2 0.726210 0.653649 0.437903 0.339225
1 0.722984 0.876853 0.428226 0.082098
4 0.135887 0.161345 0.045968 0.017104
4 0.135081 0.404789 0.042742 0.014823
4 0.390323 0.678449 0.040323 0.013683
4 0.776210 0.108324 0.045968 0.014823
5 0.827823 0.319840 0.086290 0.017104
5 0.579032 0.527081 0.087097 0.016534
4 0.835081 0.846636 0.045968 0.014823
