1 0.281452 0.135690 0.408065 0.112885
0 0.274194 0.310148 0.425806 0.103763
0 0.278226 0.557298 0.430645 0.251425
1 0.276210 0.822406 0.431452 0.181870
1 0.674597 0.099202 0.310484 0.039909
0 0.730242 0.275371 0.441129 0.205245
0 0.728226 0.525941 0.437097 0.262828
0 0.726613 0.779932 0.433871 0.183580
4 0.104032 0.287343 0.032258 0.019384
4 0.289113 0.456956 0.052419 0.015393
4 0.403226 0.764253 0.045161 0.017674
4 0.845565 0.186716 0.042742 0.014253
4 0.863710 0.420182 0.045161 0.018244
4 0.558871 0.712657 0.041935 0.018244
