0 0.274597 0.131129 0.434677 0.100342
0 0.263710 0.335804 0.416129 0.128848
0 0.267742 0.559293 0.417742 0.153934
0 0.265323 0.778221 0.406452 0.125428
0 0.726613 0.129989 0.430645 0.095781
0 0.687500 0.317560 0.358871 0.090080
0 0.731452 0.584949 0.440323 0.275941
1 0.724597 0.858039 0.425000 0.111745
4 0.104032 0.108039 0.033871 0.017674
4 0.417339 0.283922 0.045968 0.017104
4 0.439919 0.494299 0.050806 0.015964
4 0.417339 0.726340 0.047581 0.015964
4 0.553629 0.107469 0.033065 0.017674
4 0.827823 0.282212 0.045968 0.015964
4 0.785484 0.456670 0.046774 0.015964
4 0.656855 0.832383 0.042742 0.015964
