0 0.239113 0.326397 0.357258 0.128278
0 0.237097 0.522520 0.354839 0.130559
0 0.274194 0.775941 0.433871 0.179019
0 0.690726 0.161916 0.360484 0.123147
0 0.644355 0.334094 0.277419 0.085519
0 0.651210 0.494299 0.276613 0.096921
2 0.728226 0.676454 0.443548 0.140821
4 0.364919 0.273945 0.052419 0.016534
4 0.366532 0.467503 0.041129 0.017104
4 0.331048 0.697263 0.047581 0.015964
4 0.841129 0.111745 0.040323 0.015964
4 0.704839 0.304162 0.062903 0.015393
4 0.704435 0.458381 0.065323 0.017104
5 0.589516 0.629989 0.054839 0.014823
