0 0.276613 0.130844 0.433871 0.110034
0 0.274597 0.322691 0.426613 0.136830
2 0.278226 0.550171 0.424194 0.173318
2 0.275000 0.704105 0.422581 0.114025
0 0.708468 0.323261 0.395968 0.207526
0 0.726210 0.602908 0.439516 0.219498
1 0.726613 0.850057 0.432258 0.141391
4 0.112500 0.106899 0.052419 0.018814
4 0.187097 0.279361 0.046774 0.013683
5 0.382258 0.488883 0.087097 0.015393
5 0.213306 0.677309 0.084677 0.013683
4 0.773387 0.233181 0.046774 0.017104
4 0.730242 0.519954 0.044355 0.015964
4 0.635081 0.821266 0.042742 0.016534
