0 0.272984 0.142531 0.425000 0.131129
0 0.275000 0.336659 0.420968 0.125998
0 0.272984 0.537058 0.426613 0.139111
0 0.274597 0.785348 0.434677 0.217218
0 0.724597 0.179875 0.426613 0.206956
0 0.728226 0.491448 0.435484 0.137970
0 0.733065 0.710661 0.440323 0.152223
4 0.459677 0.092930 0.043548 0.018244
4 0.457661 0.286488 0.042742 0.017674
4 0.237500 0.497149 0.065323 0.017104
4 0.364516 0.688997 0.041935 0.017674
4 0.765323 0.107184 0.041935 0.015964
4 0.867742 0.436431 0.043548 0.017674
4 0.890726 0.646522 0.039516 0.014823
