0 0.292593 0.320105 0.394872 0.117244
0 0.289744 0.466761 0.393732 0.113215
0 0.290883 0.611604 0.396011 0.114424
0 0.286895 0.749799 0.383476 0.102337
0 0.290028 0.867849 0.401140 0.072522
0 0.712536 0.284247 0.401709 0.190572
0 0.698860 0.440774 0.382336 0.072522
0 0.706838 0.550766 0.394872 0.100725
0 0.699715 0.646454 0.381766 0.043916
0 0.707977 0.727840 0.392593 0.075342
0 0.711111 0.843876 0.395442 0.117244
6 0.221368 0.290492 0.059829 0.014504
6 0.221937 0.434932 0.059829 0.014102
6 0.147009 0.581185 0.066097 0.014907
6 0.441026 0.710314 0.062678 0.012893
6 0.454986 0.842466 0.058689 0.012087
6 0.558405 0.213739 0.064957 0.012490
6 0.849288 0.418413 0.059829 0.018936
6 0.870655 0.512490 0.055840 0.016116
6 0.778348 0.637591 0.056980 0.013296
6 0.621368 0.718574 0.063248 0.014102
6 0.652422 0.812853 0.064957 0.010878
