0 0.295442 0.197220 0.394872 0.138195
0 0.292308 0.334811 0.388604 0.128122
0 0.292308 0.469984 0.390883 0.130943
0 0.294872 0.604150 0.385755 0.126108
0 0.262393 0.743151 0.329915 0.097099
0 0.266382 0.825342 0.336752 0.051974
0 0.712536 0.261483 0.396011 0.266720
0 0.711111 0.507857 0.389744 0.213135
0 0.709972 0.762490 0.405698 0.280016
6 0.145299 0.155923 0.063818 0.012893
6 0.222792 0.298550 0.058120 0.012893
6 0.221368 0.432716 0.058689 0.015310
6 0.250712 0.565874 0.058120 0.013296
4 0.378063 0.706487 0.038177 0.014102
4 0.269516 0.809629 0.035328 0.016519
4 0.760399 0.137994 0.033618 0.014907
4 0.874074 0.412168 0.038746 0.016922
4 0.847863 0.632151 0.034188 0.013699
