0 0.300484 0.267109 0.373640 0.092814
0 0.298368 0.372327 0.370617 0.092814
0 0.301693 0.527588 0.377267 0.194611
0 0.299577 0.696322 0.377872 0.119760
0 0.298368 0.825064 0.371826 0.109495
0 0.694680 0.287639 0.371221 0.133020
0 0.698005 0.447819 0.373035 0.118905
0 0.693773 0.622541 0.377872 0.160393
0 0.695889 0.808383 0.374849 0.137725
4 0.378174 0.230325 0.035671 0.012404
4 0.362757 0.334474 0.038694 0.010265
4 0.315296 0.439478 0.034462 0.014115
4 0.358827 0.644782 0.035671 0.012404
4 0.368198 0.779726 0.032648 0.013687
4 0.709794 0.230325 0.035067 0.012404
4 0.710399 0.398417 0.037485 0.013259
4 0.709794 0.553678 0.032648 0.016681
4 0.831318 0.747434 0.031439 0.013259
