0 0.299577 0.213003 0.370617 0.145423
0 0.297461 0.395423 0.370012 0.191189
0 0.296554 0.583618 0.371826 0.133875
0 0.296554 0.774594 0.365780 0.201027
0 0.695889 0.748717 0.380895 0.263901
0 0.695889 0.454448 0.378476 0.219418
0 0.697098 0.218991 0.376058 0.153122
4 0.322249 0.150342 0.035067 0.014115
4 0.305018 0.312019 0.033253 0.014970
4 0.320435 0.528015 0.035067 0.011548
4 0.172310 0.704876 0.033857 0.015398
4 0.719468 0.150342 0.037485 0.012404
4 0.571644 0.369974 0.035671 0.012831
4 0.583132 0.644354 0.030834 0.013259
