0 0.295345 0.259624 0.392382 0.101796
0 0.297158 0.390932 0.392382 0.135158
0 0.293531 0.542772 0.389964 0.136014
0 0.295345 0.696963 0.393591 0.136441
0 0.289299 0.838751 0.398428 0.113772
0 0.707981 0.286142 0.396614 0.153122
0 0.708888 0.452524 0.393591 0.147990
0 0.711004 0.648845 0.401451 0.211292
0 0.707981 0.832549 0.391778 0.127032
4 0.399335 0.218563 0.035671 0.012831
4 0.460399 0.336185 0.051391 0.017109
4 0.304111 0.485244 0.039903 0.014970
4 0.435913 0.637938 0.037485 0.013259
4 0.361245 0.794482 0.040508 0.014970
4 0.717050 0.219846 0.038694 0.012831
4 0.826481 0.389222 0.049577 0.013687
4 0.718259 0.554320 0.033857 0.013687
4 0.717050 0.781651 0.032648 0.014115
