0 0.298368 0.215569 0.376663 0.153978
0 0.297461 0.390719 0.373640 0.134731
0 0.295345 0.587896 0.373035 0.207442
0 0.297461 0.798332 0.374849 0.168948
0 0.693773 0.244654 0.375453 0.204448
0 0.693773 0.526305 0.375453 0.262190
0 0.696796 0.791061 0.377872 0.176647
4 0.322551 0.150342 0.036880 0.014115
4 0.435006 0.334688 0.029625 0.014115
4 0.322551 0.493798 0.036880 0.013259
4 0.320435 0.725406 0.032648 0.012831
4 0.717956 0.150770 0.034462 0.013259
4 0.637545 0.418306 0.038089 0.011121
4 0.741233 0.712789 0.039903 0.012404
