0 0.289299 0.262404 0.388755 0.269889
0 0.290206 0.576561 0.392987 0.325920
0 0.293229 0.825920 0.389359 0.142857
0 0.711004 0.221343 0.411125 0.187767
0 0.707074 0.403122 0.399637 0.097947
0 0.703144 0.569718 0.389359 0.156544
0 0.704958 0.738024 0.397823 0.101369
4 0.128779 0.153550 0.037485 0.011976
4 0.325574 0.439692 0.041717 0.016253
4 0.284160 0.767536 0.047158 0.014115
4 0.767231 0.138152 0.032648 0.014542
4 0.804111 0.364414 0.041112 0.015398
4 0.803809 0.501711 0.035671 0.015398
4 0.803507 0.698888 0.033857 0.015398
