0 0.293531 0.333191 0.391173 0.248931
0 0.290206 0.560950 0.388150 0.185201
0 0.290206 0.726262 0.386941 0.128315
0 0.289299 0.849230 0.388755 0.098802
0 0.702842 0.293841 0.387545 0.165954
0 0.703144 0.559880 0.395405 0.324209
0 0.704051 0.818648 0.389964 0.154833
4 0.376965 0.219846 0.046554 0.012831
4 0.301995 0.479683 0.033253 0.015825
4 0.349758 0.672797 0.045345 0.012831
4 0.356106 0.809880 0.035067 0.015825
4 0.714933 0.219846 0.036880 0.012831
4 0.577388 0.424936 0.037485 0.014970
4 0.717352 0.751283 0.038089 0.014115
