0 0.297461 0.244654 0.368803 0.213003
0 0.294438 0.456801 0.376058 0.170231
0 0.297461 0.616766 0.370012 0.129170
0 0.291415 0.786784 0.363966 0.190334
0 0.693773 0.811591 0.368198 0.140719
0 0.694982 0.652481 0.371826 0.151839
0 0.694982 0.223695 0.373035 0.167665
0 0.691657 0.440120 0.371221 0.234388
4 0.321342 0.150342 0.030834 0.012404
4 0.461004 0.384944 0.034462 0.016253
4 0.317412 0.563088 0.035067 0.014970
4 0.317715 0.702524 0.035671 0.013259
4 0.857618 0.151839 0.034462 0.012831
4 0.761185 0.332763 0.032648 0.013687
4 0.715538 0.587254 0.035671 0.013687
4 0.716445 0.754277 0.031439 0.014115
