0 0.293229 0.194611 0.390568 0.135158
0 0.295345 0.449530 0.392382 0.319932
0 0.296554 0.763473 0.392382 0.260907
0 0.708888 0.169376 0.396010 0.086399
0 0.706167 0.298760 0.394196 0.111634
0 0.711306 0.470274 0.398428 0.165526
0 0.705865 0.688837 0.393591 0.209153
4 0.287787 0.137511 0.048368 0.015825
4 0.282346 0.317365 0.039903 0.015398
4 0.464631 0.644140 0.035671 0.015398
4 0.781137 0.138152 0.038694 0.013687
4 0.774184 0.251283 0.041717 0.012404
4 0.870314 0.397990 0.034462 0.014115
4 0.806530 0.594739 0.036276 0.013259
