0 0.301391 0.219632 0.365780 0.162104
0 0.300484 0.401198 0.374849 0.148845
0 0.302600 0.576133 0.375453 0.124893
0 0.301391 0.777588 0.370617 0.205304
0 0.701028 0.222198 0.373035 0.165526
0 0.698005 0.394782 0.370617 0.123182
0 0.701028 0.557742 0.370617 0.145423
0 0.698005 0.776091 0.371826 0.216852
4 0.317412 0.147776 0.058041 0.014115
4 0.371826 0.338323 0.038694 0.013687
4 0.314087 0.523738 0.029625 0.013259
4 0.455260 0.687340 0.056832 0.016253
4 0.713120 0.149914 0.035671 0.013259
4 0.723700 0.344311 0.032648 0.013687
4 0.712213 0.495509 0.031439 0.014115
4 0.805018 0.678358 0.044135 0.015398
