0 0.294438 0.229470 0.390568 0.208298
0 0.292624 0.491232 0.395405 0.233961
0 0.292322 0.770958 0.392382 0.253636
0 0.691657 0.201027 0.362757 0.148845
0 0.708283 0.366553 0.398428 0.151411
0 0.667473 0.506630 0.318017 0.097092
0 0.708283 0.636014 0.398428 0.130881
0 0.707074 0.767109 0.399637 0.102224
4 0.359432 0.136441 0.038089 0.015398
4 0.341294 0.386655 0.040508 0.012831
4 0.335248 0.655902 0.034462 0.014115
4 0.761185 0.135800 0.032648 0.014115
4 0.872430 0.301540 0.036276 0.014542
4 0.760883 0.469204 0.033253 0.014542
4 0.551693 0.596664 0.047763 0.014542
4 0.804111 0.724979 0.036276 0.011976
