0 0.289299 0.211933 0.388755 0.169803
0 0.292322 0.396279 0.392382 0.168948
0 0.292322 0.593456 0.392382 0.185201
0 0.290508 0.798760 0.389964 0.195466
0 0.705865 0.260051 0.397219 0.269461
0 0.707074 0.514115 0.399637 0.198460
0 0.709190 0.766895 0.400242 0.260907
4 0.307739 0.137511 0.043531 0.014970
4 0.308041 0.323139 0.038089 0.017536
4 0.308343 0.510479 0.042322 0.011548
4 0.407497 0.711933 0.050786 0.014115
4 0.630290 0.151839 0.041717 0.013687
4 0.871524 0.426647 0.040508 0.014115
4 0.588573 0.663601 0.041717 0.014115
