0 0.297461 0.221771 0.374849 0.164671
0 0.298368 0.447819 0.371826 0.221557
0 0.297461 0.735458 0.370012 0.279299
0 0.698005 0.674722 0.379081 0.156972
0 0.696796 0.480967 0.380290 0.151839
0 0.697098 0.195680 0.376058 0.110778
0 0.697098 0.327630 0.376058 0.081266
4 0.299577 0.149701 0.042926 0.012831
4 0.441354 0.350513 0.032648 0.010693
4 0.288392 0.621257 0.032648 0.014970
4 0.720677 0.149914 0.032648 0.013259
4 0.775393 0.296193 0.034462 0.012404
4 0.767533 0.416168 0.040508 0.013687
4 0.857013 0.606929 0.035671 0.013687
