0 0.299577 0.276091 0.370617 0.271600
0 0.295345 0.560736 0.374244 0.240376
0 0.294438 0.785928 0.376058 0.176647
0 0.692563 0.798546 0.371826 0.159966
0 0.694680 0.658469 0.368803 0.094525
0 0.694680 0.463003 0.377267 0.261334
0 0.697703 0.228828 0.377267 0.173653
4 0.428053 0.151198 0.043531 0.012404
4 0.228235 0.466638 0.036880 0.013687
4 0.346131 0.708298 0.038089 0.014542
4 0.731258 0.151625 0.033253 0.013259
4 0.842805 0.343242 0.035067 0.014115
4 0.718863 0.620830 0.035067 0.012404
4 0.857920 0.729897 0.031439 0.013259
