0 0.296252 0.255988 0.390568 0.092814
0 0.295345 0.381523 0.393591 0.119760
0 0.296252 0.525449 0.395405 0.146707
0 0.296554 0.666168 0.389964 0.110778
0 0.295647 0.821642 0.395405 0.158255
0 0.707981 0.269033 0.389359 0.120616
0 0.709190 0.394140 0.395405 0.112489
0 0.710097 0.554748 0.393591 0.166809
0 0.711004 0.714286 0.391778 0.116339
0 0.710097 0.841745 0.387545 0.115483
4 0.336759 0.220701 0.047158 0.015398
4 0.336457 0.331694 0.035671 0.013259
4 0.279021 0.463858 0.051391 0.014115
4 0.390266 0.622327 0.035671 0.012831
4 0.440145 0.754491 0.038694 0.014542
4 0.712515 0.218991 0.035671 0.015398
4 0.711911 0.348161 0.036880 0.013687
4 0.852177 0.481394 0.033253 0.014115
4 0.712817 0.666168 0.041112 0.013259
4 0.722793 0.794482 0.038089 0.014970
