0 0.296252 0.271814 0.380895 0.096236
0 0.299274 0.390719 0.374849 0.113345
0 0.287183 0.533790 0.350665 0.133447
0 0.294438 0.670017 0.385732 0.115056
0 0.301391 0.816510 0.379081 0.141146
0 0.696796 0.271386 0.371826 0.100513
0 0.695889 0.378743 0.373640 0.104790
0 0.694982 0.524808 0.371826 0.161677
0 0.694982 0.673867 0.379081 0.109068
0 0.697098 0.809239 0.368803 0.145423
4 0.342503 0.233533 0.047763 0.013687
4 0.341898 0.346236 0.035671 0.017536
4 0.291415 0.477973 0.049577 0.014115
4 0.308041 0.628743 0.038089 0.015398
4 0.145707 0.771386 0.032648 0.013259
4 0.704958 0.234602 0.030230 0.014115
4 0.707376 0.334688 0.033857 0.014115
4 0.840689 0.454021 0.034462 0.012404
4 0.709190 0.629384 0.033857 0.012404
4 0.713120 0.747434 0.035671 0.013259
