0 0.299577 0.221985 0.373035 0.165954
0 0.297461 0.483533 0.368803 0.293841
0 0.283253 0.783576 0.346433 0.040205
0 0.283253 0.861848 0.342805 0.041916
0 0.657195 0.713003 0.298670 0.084688
0 0.639964 0.834902 0.264208 0.100086
0 0.681681 0.518178 0.346433 0.042344
0 0.683495 0.453379 0.352479 0.040205
0 0.694680 0.216638 0.371221 0.146707
4 0.405381 0.151198 0.035671 0.012404
4 0.289903 0.349230 0.035671 0.014970
4 0.264813 0.774166 0.035067 0.010265
4 0.303809 0.852652 0.035671 0.013259
4 0.692563 0.151411 0.039299 0.010265
4 0.674123 0.444611 0.036276 0.013259
4 0.699516 0.509196 0.037485 0.013259
4 0.707074 0.683062 0.034462 0.016253
4 0.733676 0.795552 0.050181 0.015398
