0 0.288392 0.212789 0.390568 0.169803
0 0.290206 0.399273 0.390568 0.183490
0 0.290206 0.601583 0.394196 0.199743
0 0.290508 0.804962 0.388755 0.187340
0 0.706167 0.204876 0.395405 0.153978
0 0.704958 0.380240 0.391778 0.170231
0 0.705865 0.575706 0.393591 0.198460
0 0.712213 0.792558 0.407497 0.209581
4 0.331923 0.137083 0.037485 0.012404
4 0.308343 0.318435 0.038694 0.013259
4 0.306227 0.513045 0.035671 0.014115
4 0.308041 0.723268 0.038089 0.012831
4 0.752116 0.138366 0.037485 0.014115
4 0.720375 0.306459 0.038089 0.013259
4 0.839782 0.488452 0.038694 0.015398
4 0.842201 0.699530 0.039903 0.014115
