0 0.300484 0.205090 0.374849 0.126176
0 0.298368 0.360565 0.371826 0.124893
0 0.294438 0.514970 0.372430 0.125749
0 0.296252 0.676647 0.374849 0.097519
0 0.261790 0.777802 0.319226 0.057742
0 0.695889 0.277588 0.374849 0.265184
0 0.693773 0.520103 0.373035 0.201027
0 0.687727 0.754277 0.365780 0.251925
6 0.227328 0.162960 0.060459 0.012831
6 0.225816 0.321215 0.057437 0.014542
6 0.181076 0.475406 0.057437 0.013259
4 0.370919 0.637083 0.038089 0.014115
4 0.265719 0.761976 0.034462 0.014115
4 0.746070 0.153978 0.041112 0.013687
4 0.835248 0.429855 0.035671 0.011976
4 0.825272 0.637725 0.039903 0.013687
