0 0.292322 0.307956 0.386336 0.369547
0 0.293531 0.591104 0.394800 0.130881
0 0.290206 0.791275 0.390568 0.208725
0 0.707074 0.229897 0.393591 0.209153
0 0.707981 0.436484 0.395405 0.170659
0 0.707074 0.593884 0.396010 0.120188
0 0.707981 0.781437 0.391778 0.226689
4 0.178658 0.152267 0.034462 0.014542
4 0.461608 0.536784 0.035671 0.013687
4 0.335550 0.698888 0.033857 0.015398
4 0.748791 0.137083 0.035671 0.014115
4 0.874547 0.360137 0.036880 0.013687
4 0.774788 0.544910 0.032044 0.014542
4 0.841898 0.678999 0.034462 0.014115
