0 0.300484 0.248931 0.379686 0.217280
0 0.300484 0.503422 0.373640 0.226689
0 0.299577 0.764970 0.377872 0.235672
0 0.698005 0.263473 0.370617 0.246364
0 0.696796 0.464286 0.375453 0.121044
0 0.695889 0.639222 0.370012 0.194611
0 0.696796 0.815868 0.375453 0.142429
4 0.326179 0.150984 0.036880 0.015398
4 0.444075 0.400342 0.036880 0.014542
4 0.347037 0.658469 0.035067 0.014970
4 0.720375 0.151411 0.038089 0.014542
4 0.720979 0.415954 0.034462 0.013259
4 0.714933 0.552823 0.048972 0.014115
4 0.750605 0.758127 0.034462 0.013259
