0 0.300484 0.203165 0.373640 0.125749
0 0.296252 0.357571 0.374849 0.119760
0 0.296554 0.545552 0.377872 0.191189
0 0.298368 0.776091 0.373035 0.204021
0 0.695889 0.261976 0.368803 0.243370
0 0.693773 0.504277 0.377872 0.151411
0 0.698912 0.753422 0.374849 0.250214
4 0.323458 0.150342 0.032648 0.014115
4 0.322854 0.306459 0.037485 0.014970
4 0.321040 0.460436 0.033857 0.012404
4 0.322854 0.686484 0.041112 0.014542
4 0.858525 0.150984 0.032648 0.015398
4 0.718863 0.439692 0.032648 0.014542
4 0.754534 0.635372 0.029021 0.010693
