0 0.294438 0.214286 0.374849 0.147134
0 0.296554 0.414885 0.374244 0.193328
0 0.296554 0.645851 0.370617 0.202737
0 0.296252 0.830197 0.365175 0.108640
0 0.694680 0.776091 0.374849 0.199743
0 0.692866 0.588751 0.371221 0.124465
0 0.694680 0.187553 0.374849 0.090248
0 0.694680 0.375749 0.373640 0.244226
4 0.282044 0.150342 0.029625 0.014115
4 0.395405 0.335329 0.033857 0.016253
4 0.321040 0.554748 0.039903 0.014542
4 0.292019 0.788494 0.031439 0.014115
4 0.657799 0.151625 0.031439 0.013259
4 0.536880 0.284003 0.037485 0.014542
4 0.832225 0.538922 0.035671 0.012831
4 0.716143 0.702310 0.035671 0.013687
