0 0.291415 0.182849 0.390568 0.115056
0 0.292322 0.393713 0.386336 0.283576
0 0.294438 0.630240 0.390568 0.161249
0 0.292322 0.808383 0.387545 0.175364
0 0.707074 0.190975 0.387545 0.132164
0 0.706771 0.355860 0.388150 0.147990
0 0.705865 0.551754 0.387545 0.194183
0 0.707074 0.787211 0.389964 0.220274
4 0.306227 0.136441 0.035671 0.013687
4 0.412031 0.262831 0.039299 0.013259
4 0.311366 0.561591 0.038694 0.014542
4 0.312576 0.732678 0.038694 0.014542
4 0.723700 0.136869 0.036276 0.014542
4 0.726723 0.294482 0.036276 0.015825
4 0.750000 0.465783 0.039299 0.015398
4 0.633011 0.704662 0.033857 0.013259
