0 0.298368 0.228828 0.371826 0.177074
0 0.297461 0.401198 0.374849 0.150556
0 0.298670 0.605860 0.374849 0.241660
0 0.296554 0.807528 0.373035 0.144568
0 0.695889 0.810736 0.380895 0.139863
0 0.694982 0.663174 0.376663 0.143285
0 0.694982 0.504919 0.371826 0.156972
0 0.694680 0.354363 0.374849 0.130453
0 0.699819 0.213216 0.374244 0.143285
4 0.325272 0.150770 0.038694 0.011548
4 0.463120 0.335971 0.035067 0.010693
4 0.406590 0.494867 0.036880 0.011121
4 0.321342 0.747434 0.040508 0.015825
4 0.719770 0.151198 0.036880 0.014115
4 0.720375 0.301112 0.035671 0.015398
4 0.572249 0.447819 0.034462 0.012831
4 0.707376 0.601369 0.043531 0.015398
4 0.719166 0.750214 0.035671 0.011976
