0 0.299577 0.227973 0.370617 0.175364
0 0.296554 0.406116 0.373035 0.159538
0 0.293531 0.595381 0.371826 0.208725
0 0.296554 0.795766 0.373035 0.165526
0 0.693773 0.690547 0.374244 0.125321
0 0.695889 0.538067 0.372430 0.140291
0 0.695889 0.362062 0.374849 0.173225
0 0.693773 0.198033 0.374244 0.115483
4 0.322854 0.149059 0.041112 0.011548
4 0.463120 0.340462 0.038694 0.013687
4 0.322551 0.503849 0.030834 0.013687
4 0.433495 0.725406 0.032648 0.012831
4 0.764813 0.150342 0.033857 0.014115
4 0.768440 0.285928 0.038694 0.014115
4 0.766626 0.478186 0.038694 0.014542
4 0.797763 0.638152 0.041717 0.014542
