0 0.289299 0.242943 0.388755 0.230111
0 0.291415 0.509837 0.390568 0.197605
0 0.293531 0.780368 0.391173 0.236527
0 0.704958 0.195680 0.391778 0.140719
0 0.706771 0.406972 0.394196 0.170659
0 0.708888 0.596664 0.398428 0.093242
0 0.710097 0.797476 0.393591 0.199743
4 0.345224 0.138794 0.038694 0.013259
4 0.270859 0.421300 0.036276 0.016253
4 0.464027 0.673867 0.036880 0.015825
4 0.809250 0.136441 0.035671 0.013687
4 0.767533 0.331266 0.036880 0.014115
4 0.690447 0.560950 0.031439 0.014970
4 0.813482 0.707870 0.038089 0.013687
