0 0.294438 0.241660 0.392987 0.232678
0 0.292322 0.482464 0.393591 0.221557
0 0.293531 0.751711 0.389964 0.287853
0 0.704958 0.215783 0.385732 0.180924
0 0.627570 0.406972 0.235792 0.102224
0 0.706167 0.558383 0.395405 0.118477
0 0.706167 0.711719 0.401451 0.102652
4 0.195889 0.150128 0.033857 0.016253
4 0.451632 0.381737 0.039903 0.012404
4 0.391778 0.619119 0.036276 0.014970
4 0.635732 0.152695 0.034462 0.015398
4 0.700423 0.365269 0.039299 0.011976
4 0.743652 0.510479 0.038694 0.013259
4 0.805623 0.671514 0.038089 0.015398
