0 0.293531 0.317579 0.377872 0.193755
0 0.287485 0.481822 0.352479 0.098802
0 0.297461 0.597733 0.370012 0.098802
0 0.297461 0.713644 0.368803 0.094525
0 0.294438 0.829769 0.368803 0.101796
0 0.694982 0.741446 0.377872 0.275877
0 0.697098 0.368050 0.376058 0.297263
4 0.205562 0.244012 0.048368 0.013259
4 0.300181 0.442900 0.032044 0.014115
4 0.389661 0.560308 0.034462 0.013687
4 0.364873 0.676005 0.034462 0.014970
4 0.340992 0.792344 0.038694 0.013259
4 0.684704 0.244440 0.035671 0.014115
4 0.859129 0.618477 0.033857 0.014542
