0 0.298368 0.315227 0.376663 0.189050
0 0.298368 0.481822 0.373035 0.119333
0 0.298368 0.607571 0.373035 0.113345
0 0.296252 0.715783 0.368803 0.083405
0 0.298368 0.822712 0.371826 0.109068
0 0.695889 0.350727 0.374849 0.260051
0 0.696796 0.553037 0.371826 0.110351
0 0.694680 0.754063 0.371221 0.260051
4 0.205865 0.246151 0.047763 0.011548
4 0.205865 0.448460 0.033253 0.014115
4 0.420798 0.562019 0.033857 0.013687
4 0.367896 0.685415 0.036880 0.012404
4 0.359129 0.776946 0.035067 0.011548
4 0.777509 0.230111 0.033857 0.013687
4 0.709492 0.507699 0.032044 0.013687
4 0.584643 0.647562 0.031439 0.015398
