0 0.293229 0.234175 0.390568 0.214286
0 0.288392 0.432421 0.392987 0.164243
0 0.290508 0.643499 0.389964 0.242515
0 0.288089 0.835757 0.391173 0.122327
0 0.704958 0.268820 0.400242 0.285287
0 0.707074 0.539778 0.396010 0.179641
0 0.707981 0.785073 0.395405 0.228828
4 0.309553 0.137511 0.035067 0.014970
4 0.310157 0.360137 0.033857 0.013687
4 0.129988 0.548760 0.032648 0.015398
4 0.308948 0.786356 0.033857 0.014115
4 0.633615 0.152481 0.036276 0.012404
4 0.739420 0.461506 0.049577 0.014542
4 0.874547 0.682207 0.034462 0.016253
