0 0.292322 0.202310 0.392382 0.148845
0 0.284160 0.405689 0.366385 0.191189
0 0.294438 0.610351 0.392987 0.152267
0 0.296554 0.807956 0.397219 0.183062
0 0.707981 0.195466 0.390568 0.137725
0 0.678658 0.569290 0.334341 0.080411
0 0.655079 0.684346 0.289601 0.121471
0 0.713120 0.830197 0.396010 0.136014
4 0.308041 0.138152 0.033253 0.013687
4 0.438331 0.322070 0.050786 0.015398
4 0.339480 0.548760 0.035671 0.017109
4 0.380895 0.729256 0.048368 0.014542
4 0.720375 0.137511 0.039299 0.013259
4 0.749698 0.541061 0.038694 0.015398
4 0.734885 0.636014 0.035671 0.013687
4 0.724909 0.773524 0.038694 0.013259
