0 0.254837 0.279940 0.322249 0.087682
0 0.255744 0.386869 0.320435 0.106501
0 0.278114 0.569718 0.370012 0.045338
0 0.269045 0.630240 0.342201 0.056031
0 0.280230 0.805603 0.368198 0.043199
0 0.268138 0.869547 0.348851 0.058169
0 0.670496 0.270317 0.324063 0.071001
0 0.687727 0.361848 0.359734 0.042772
0 0.711911 0.520103 0.410520 0.210436
4 0.315901 0.248717 0.039299 0.014115
4 0.383918 0.348161 0.038694 0.017109
4 0.253325 0.560522 0.033857 0.014115
4 0.279021 0.614628 0.035671 0.017109
4 0.265719 0.796193 0.036880 0.014115
4 0.346735 0.851583 0.041717 0.013687
4 0.721886 0.246578 0.036276 0.016681
4 0.766929 0.350513 0.038089 0.013259
4 0.711306 0.426005 0.041717 0.013687
