0 0.292322 0.187767 0.387545 0.122327
0 0.292624 0.443541 0.395405 0.310522
0 0.292322 0.767964 0.393591 0.253636
0 0.710097 0.253636 0.403265 0.254919
0 0.703748 0.479470 0.394196 0.148845
0 0.708283 0.649914 0.398428 0.144140
0 0.707074 0.822926 0.398428 0.152267
4 0.308948 0.137511 0.041112 0.014970
4 0.238513 0.317151 0.041717 0.013259
4 0.218863 0.668734 0.037485 0.014115
4 0.874849 0.138152 0.039903 0.014542
4 0.723096 0.414029 0.033857 0.012831
4 0.871524 0.587040 0.036880 0.013259
4 0.722491 0.757057 0.037485 0.015398
