0 0.299577 0.215355 0.371826 0.150128
0 0.298670 0.415740 0.374849 0.239521
0 0.298368 0.631737 0.371826 0.178785
0 0.300484 0.802395 0.370012 0.151411
0 0.700726 0.802395 0.380895 0.159966
0 0.698005 0.642002 0.376663 0.136869
0 0.699819 0.482464 0.380290 0.158255
0 0.693773 0.265398 0.374244 0.251069
4 0.464631 0.150342 0.033253 0.012404
4 0.348549 0.307100 0.038089 0.011976
4 0.143894 0.567151 0.035067 0.016253
4 0.322854 0.736741 0.031439 0.014115
4 0.733676 0.151198 0.038089 0.014115
4 0.719770 0.421514 0.034462 0.013259
4 0.723096 0.594525 0.033857 0.016253
4 0.722793 0.737382 0.038089 0.017109
