0 0.301693 0.259624 0.377267 0.236099
0 0.300484 0.454021 0.370012 0.126176
0 0.299577 0.606074 0.365780 0.158255
0 0.299577 0.788281 0.371826 0.187340
0 0.697098 0.247006 0.368803 0.213430
0 0.698005 0.446108 0.366989 0.165954
0 0.695889 0.708512 0.373640 0.344311
4 0.418682 0.150770 0.034462 0.010693
4 0.324365 0.399914 0.033253 0.011121
4 0.464027 0.535714 0.028416 0.010693
4 0.324365 0.707228 0.036880 0.014115
4 0.722491 0.150770 0.033857 0.014970
4 0.721584 0.373182 0.035671 0.013259
4 0.788089 0.545979 0.034462 0.014115
