0 0.244861 0.276305 0.273277 0.106929
0 0.296554 0.380453 0.370617 0.073995
0 0.254837 0.486955 0.287183 0.126176
0 0.299577 0.609068 0.371826 0.085543
0 0.297461 0.696322 0.373640 0.080411
0 0.299577 0.810950 0.370617 0.128315
0 0.697098 0.803251 0.376058 0.146279
0 0.698005 0.648204 0.377872 0.108212
0 0.692261 0.475620 0.379686 0.180496
0 0.694680 0.288281 0.374849 0.136869
4 0.238210 0.231394 0.044740 0.011976
4 0.317715 0.356287 0.035671 0.016253
4 0.376965 0.434773 0.034462 0.014970
4 0.365175 0.574636 0.032648 0.012404
4 0.314389 0.666809 0.038694 0.010265
4 0.358525 0.759196 0.037485 0.015398
4 0.708585 0.231180 0.033857 0.012404
4 0.708888 0.396920 0.036880 0.013687
4 0.728839 0.603507 0.034462 0.012831
4 0.720375 0.740590 0.032044 0.013259
