0 0.297461 0.230753 0.370012 0.181779
0 0.296554 0.404192 0.374244 0.135158
0 0.297461 0.579341 0.368803 0.188623
0 0.297461 0.783576 0.368803 0.190761
0 0.692866 0.231608 0.376058 0.182635
0 0.694680 0.425791 0.368803 0.107357
0 0.617594 0.572070 0.215840 0.091104
0 0.694982 0.712361 0.371826 0.092814
4 0.357618 0.151411 0.035671 0.016253
4 0.321947 0.344739 0.035671 0.012831
4 0.202237 0.510051 0.036880 0.016681
4 0.453748 0.697391 0.035671 0.014115
4 0.679565 0.166382 0.033857 0.011976
4 0.735490 0.382164 0.034462 0.014970
4 0.694982 0.537853 0.034462 0.014970
4 0.795647 0.677074 0.033857 0.015398
