0 0.293229 0.255560 0.394196 0.257057
0 0.289299 0.541275 0.381499 0.259624
0 0.291415 0.797476 0.390568 0.192900
0 0.707074 0.198033 0.399637 0.143713
0 0.704958 0.363559 0.394196 0.158255
0 0.706167 0.579127 0.395405 0.247220
0 0.704051 0.805389 0.393591 0.175364
4 0.465538 0.137511 0.037485 0.013259
4 0.207376 0.436484 0.038694 0.014115
4 0.310459 0.712789 0.034462 0.016681
4 0.725212 0.136441 0.041717 0.015398
4 0.872430 0.297049 0.038694 0.014115
4 0.870919 0.465141 0.039299 0.014115
4 0.720979 0.725620 0.036880 0.013259
