0 0.287183 0.259196 0.383313 0.269461
0 0.293531 0.471985 0.389964 0.142429
0 0.288392 0.630026 0.392987 0.157399
0 0.293229 0.806459 0.389359 0.177502
0 0.702842 0.226476 0.389964 0.204021
0 0.704958 0.425364 0.395405 0.143285
0 0.704051 0.583405 0.393591 0.132592
0 0.706167 0.782079 0.400242 0.223695
4 0.358222 0.134303 0.034462 0.015398
4 0.308646 0.410180 0.034462 0.014542
4 0.308948 0.562019 0.037485 0.013687
4 0.309250 0.727545 0.035671 0.011121
4 0.719468 0.136014 0.039903 0.016253
4 0.776904 0.363345 0.037485 0.013259
4 0.720979 0.528443 0.036880 0.012404
4 0.631499 0.695252 0.036880 0.014115
