0 0.304414 0.229683 0.371826 0.180496
0 0.300484 0.455304 0.374849 0.241660
0 0.300484 0.663174 0.374849 0.155261
0 0.300484 0.818221 0.367594 0.128315
0 0.686820 0.425364 0.349456 0.066296
0 0.672612 0.529085 0.323458 0.106074
0 0.701028 0.743798 0.373035 0.276305
4 0.315901 0.149701 0.033253 0.015398
4 0.229746 0.361420 0.031439 0.015398
4 0.313180 0.597092 0.032648 0.015398
4 0.315296 0.764970 0.036880 0.014970
4 0.738513 0.401411 0.034462 0.014115
4 0.755441 0.485458 0.032044 0.015398
4 0.800181 0.616553 0.034462 0.013259
