0 0.292322 0.309239 0.392382 0.202737
0 0.293531 0.482250 0.397219 0.126176
0 0.292322 0.613559 0.393591 0.116766
0 0.293531 0.724123 0.392382 0.086399
0 0.292322 0.835543 0.393591 0.116766
0 0.707981 0.340248 0.395405 0.263045
0 0.703144 0.548118 0.389359 0.130453
0 0.707074 0.758768 0.396010 0.274594
4 0.196493 0.233961 0.051995 0.012831
4 0.197400 0.446108 0.036880 0.011976
4 0.415054 0.565441 0.039299 0.015398
4 0.359734 0.694397 0.033857 0.017536
4 0.351572 0.788281 0.035671 0.014542
4 0.786276 0.218991 0.034462 0.015398
4 0.717956 0.494440 0.036880 0.014542
4 0.730351 0.633661 0.049577 0.016681
