0 0.296554 0.214286 0.387545 0.174508
0 0.295647 0.397348 0.389359 0.137725
0 0.293229 0.584260 0.386941 0.183062
0 0.293531 0.798973 0.389964 0.192472
0 0.707981 0.181352 0.396614 0.109495
0 0.706167 0.313730 0.391778 0.127032
0 0.707074 0.516253 0.393591 0.254063
0 0.707074 0.775877 0.393591 0.239521
4 0.312878 0.137083 0.033253 0.011548
4 0.342201 0.339179 0.038694 0.011121
4 0.314087 0.505560 0.035671 0.014542
4 0.166566 0.728828 0.034462 0.012831
4 0.724607 0.138366 0.040508 0.014115
4 0.725212 0.261976 0.035671 0.012404
4 0.879686 0.399059 0.033857 0.014542
4 0.860036 0.667879 0.035671 0.014115
