0 0.291415 0.196536 0.386941 0.138152
0 0.292322 0.406544 0.392382 0.225406
0 0.290508 0.646493 0.394800 0.187767
0 0.292322 0.837896 0.387545 0.124893
0 0.687727 0.241660 0.357316 0.039350
0 0.658404 0.327203 0.299879 0.102652
0 0.687727 0.625535 0.364571 0.071429
0 0.707074 0.786356 0.403265 0.220274
4 0.373035 0.137297 0.044740 0.011976
4 0.317412 0.323995 0.041112 0.014970
4 0.321342 0.564799 0.042926 0.014115
4 0.429565 0.786356 0.036880 0.014115
4 0.746070 0.231822 0.039903 0.013687
4 0.773277 0.285500 0.050786 0.014115
4 0.723398 0.602652 0.039299 0.015398
4 0.718259 0.686270 0.043531 0.015825
