0 0.298065 0.289350 0.378476 0.137297
0 0.282346 0.434346 0.343410 0.097092
0 0.301391 0.565441 0.379081 0.120616
0 0.302600 0.707015 0.377872 0.111206
0 0.292322 0.836399 0.383918 0.100513
0 0.695889 0.336612 0.376058 0.231822
0 0.694982 0.550257 0.373035 0.173225
0 0.694982 0.764115 0.373035 0.233105
4 0.427146 0.232891 0.029625 0.013259
4 0.319831 0.395210 0.033857 0.015398
4 0.347944 0.514328 0.036880 0.012404
4 0.313482 0.661677 0.030834 0.012831
4 0.368501 0.797263 0.033253 0.013687
4 0.809855 0.230753 0.034462 0.011548
4 0.687727 0.474551 0.045345 0.014115
4 0.834039 0.657186 0.035671 0.013259
