0 0.276300 0.301540 0.363966 0.185629
0 0.290206 0.462789 0.394196 0.082121
0 0.248489 0.591317 0.304716 0.129598
0 0.290508 0.732678 0.397219 0.090676
0 0.288392 0.854149 0.392987 0.090676
0 0.703144 0.286570 0.394196 0.155689
0 0.702842 0.464286 0.391173 0.150984
0 0.705865 0.658469 0.404474 0.187767
0 0.704051 0.838751 0.396010 0.119760
4 0.280230 0.219632 0.057437 0.013259
4 0.306530 0.432207 0.035067 0.014115
4 0.365478 0.538494 0.039299 0.014542
4 0.301088 0.698460 0.039903 0.016253
4 0.356106 0.820145 0.038694 0.014115
4 0.762394 0.220060 0.038694 0.013259
4 0.713724 0.399273 0.036880 0.014115
4 0.713724 0.575064 0.036880 0.013259
4 0.733071 0.790847 0.039299 0.014542
