0 0.293531 0.254919 0.393591 0.259196
0 0.293531 0.502780 0.393591 0.186056
0 0.290508 0.758340 0.392382 0.277160
0 0.705865 0.236955 0.392382 0.222412
0 0.703748 0.414457 0.394196 0.112917
0 0.706167 0.563730 0.400242 0.171942
0 0.698005 0.777802 0.382709 0.239093
4 0.223096 0.151411 0.038694 0.014542
4 0.164752 0.436912 0.040508 0.014970
4 0.347944 0.631095 0.036880 0.015825
4 0.724002 0.136014 0.035671 0.014542
4 0.721886 0.369974 0.036276 0.015398
4 0.873035 0.490804 0.037485 0.013259
4 0.760278 0.668734 0.036880 0.014115
