0 0.252721 0.291702 0.282950 0.144568
0 0.298368 0.448460 0.371826 0.150128
0 0.298670 0.586185 0.374849 0.103935
0 0.294438 0.713003 0.376058 0.120616
0 0.296554 0.832121 0.377872 0.096236
0 0.699819 0.795766 0.380290 0.168092
0 0.695889 0.605218 0.372430 0.184773
0 0.697098 0.435201 0.376058 0.127032
0 0.695889 0.288494 0.384522 0.135586
4 0.320435 0.230325 0.032648 0.014115
4 0.152358 0.398204 0.049577 0.014542
4 0.368501 0.543413 0.035671 0.013259
4 0.312576 0.662532 0.038694 0.016253
4 0.367594 0.795552 0.037485 0.013687
4 0.740326 0.231180 0.035671 0.014115
4 0.709492 0.386655 0.032044 0.019675
4 0.708888 0.527588 0.033253 0.016681
4 0.711608 0.727117 0.032648 0.016253
