0 0.288392 0.299829 0.390568 0.182207
0 0.293229 0.469418 0.394196 0.132164
0 0.250605 0.601369 0.316203 0.101796
0 0.288392 0.721771 0.394196 0.114200
0 0.290508 0.845595 0.391173 0.102652
0 0.703144 0.345381 0.389359 0.270744
0 0.705865 0.745937 0.396010 0.295979
4 0.196191 0.233747 0.047763 0.016681
4 0.307437 0.415098 0.040508 0.014970
4 0.339782 0.562447 0.039903 0.016253
4 0.302902 0.675791 0.039903 0.011976
4 0.358525 0.804962 0.041112 0.013687
4 0.756953 0.219204 0.037485 0.014115
4 0.738513 0.623824 0.040508 0.014115
