0 0.296554 0.253636 0.387545 0.256630
0 0.294438 0.507485 0.390568 0.172370
0 0.290508 0.767964 0.389964 0.265612
0 0.711911 0.185629 0.389964 0.116339
0 0.708888 0.368050 0.391173 0.223695
0 0.707074 0.568862 0.393591 0.147990
0 0.705865 0.780368 0.392382 0.230539
4 0.309855 0.138580 0.035671 0.015398
4 0.397521 0.433276 0.034462 0.014542
4 0.216143 0.663601 0.036880 0.014115
4 0.722793 0.140932 0.036880 0.015825
4 0.704958 0.269889 0.042322 0.016253
4 0.721886 0.507271 0.038694 0.017109
4 0.844619 0.676219 0.048368 0.015398
