0 0.298368 0.328914 0.370617 0.106929
0 0.298368 0.437126 0.373035 0.094098
0 0.297461 0.524808 0.373640 0.065013
0 0.300484 0.655689 0.372430 0.179641
0 0.301391 0.794696 0.376663 0.081266
0 0.292322 0.863986 0.365780 0.040205
0 0.686820 0.245295 0.357920 0.094525
0 0.698609 0.335543 0.385127 0.066296
0 0.692866 0.431779 0.368803 0.103935
0 0.700726 0.571215 0.374849 0.146707
0 0.695889 0.708939 0.376058 0.107357
0 0.696796 0.829983 0.370617 0.108212
6 0.155381 0.298118 0.055623 0.014542
6 0.438936 0.400128 0.061669 0.012404
6 0.453748 0.576133 0.051391 0.012831
6 0.154776 0.779085 0.056832 0.013259
6 0.368501 0.853935 0.059855 0.013259
6 0.827388 0.209581 0.057437 0.014542
6 0.615478 0.326775 0.060459 0.013687
6 0.614268 0.402908 0.055623 0.011121
6 0.598549 0.521386 0.065296 0.013687
6 0.625756 0.682421 0.054414 0.013259
6 0.626058 0.798760 0.057437 0.014970
