0 0.292322 0.275449 0.392382 0.141146
0 0.273277 0.433276 0.357920 0.100941
0 0.218259 0.573139 0.252721 0.108640
0 0.290206 0.708298 0.394196 0.100941
0 0.288392 0.844098 0.390568 0.098802
0 0.706167 0.334474 0.389359 0.251497
0 0.702842 0.547049 0.392382 0.147990
0 0.710097 0.767109 0.399637 0.257057
4 0.420798 0.217066 0.033857 0.016681
4 0.424426 0.397348 0.038694 0.015398
4 0.310157 0.532934 0.043531 0.016253
4 0.355200 0.669589 0.034462 0.014970
4 0.298972 0.807528 0.035671 0.015398
4 0.833736 0.218135 0.042322 0.013687
4 0.710399 0.484175 0.047158 0.015398
4 0.868198 0.650770 0.038694 0.014970
