0 0.290508 0.189050 0.391173 0.129170
0 0.294438 0.349872 0.386941 0.133447
0 0.296554 0.508127 0.391173 0.131737
0 0.255744 0.672156 0.308343 0.099658
0 0.273881 0.776305 0.355502 0.059880
0 0.704958 0.260907 0.385732 0.272027
0 0.707074 0.504705 0.393591 0.201882
0 0.705865 0.755133 0.392382 0.286142
6 0.219166 0.151625 0.056227 0.017536
6 0.220375 0.310736 0.058646 0.014115
6 0.220375 0.468777 0.058646 0.015398
4 0.374547 0.631737 0.040508 0.013687
4 0.271161 0.759410 0.042926 0.014970
4 0.757860 0.137511 0.038089 0.015825
4 0.874849 0.413388 0.035067 0.014115
4 0.846131 0.622541 0.038089 0.014115
