0 0.290508 0.196322 0.389964 0.143713
0 0.289299 0.363559 0.393591 0.167665
0 0.292322 0.550257 0.392382 0.180924
0 0.290206 0.773097 0.390568 0.242515
0 0.704051 0.212789 0.393591 0.174080
0 0.701935 0.394996 0.391778 0.146707
0 0.704051 0.557956 0.391173 0.141574
0 0.703144 0.717494 0.395405 0.129598
4 0.340689 0.135372 0.032044 0.013259
4 0.458283 0.291275 0.032648 0.012831
4 0.457074 0.469418 0.035067 0.014115
4 0.351572 0.661249 0.035671 0.014542
4 0.771161 0.135586 0.034462 0.015398
4 0.769952 0.332121 0.039299 0.012404
4 0.770859 0.497006 0.031439 0.015398
4 0.801995 0.663601 0.036880 0.012404
