0 0.299577 0.209795 0.373035 0.138152
0 0.301391 0.413388 0.371826 0.254491
0 0.299577 0.648204 0.366989 0.191189
0 0.297461 0.817151 0.373640 0.121899
0 0.694982 0.821429 0.379081 0.118477
0 0.697703 0.694825 0.374849 0.117622
0 0.697098 0.488452 0.376058 0.274594
0 0.694982 0.239949 0.371826 0.201027
4 0.314389 0.149701 0.032648 0.012831
4 0.229141 0.313088 0.035067 0.015398
4 0.323156 0.565441 0.036880 0.015398
4 0.319831 0.768392 0.033857 0.013259
4 0.815296 0.150984 0.035671 0.015398
4 0.740931 0.372541 0.035671 0.011976
4 0.718863 0.647348 0.035067 0.013259
4 0.718863 0.776091 0.035067 0.013259
