0 0.293229 0.230539 0.390568 0.210436
0 0.291415 0.491660 0.388150 0.258768
0 0.289299 0.773097 0.388755 0.251925
0 0.655381 0.178144 0.291415 0.102224
0 0.703144 0.339393 0.395405 0.099658
0 0.709190 0.511334 0.402660 0.127032
0 0.704051 0.696322 0.399637 0.122327
4 0.461608 0.137511 0.033253 0.014970
4 0.461608 0.372968 0.039299 0.014542
4 0.460701 0.658041 0.033857 0.016681
4 0.700726 0.137083 0.038694 0.014115
4 0.866082 0.299829 0.035671 0.017109
4 0.575574 0.475834 0.037485 0.014115
4 0.740326 0.646065 0.035671 0.014115
