0 0.291415 0.273738 0.389359 0.297690
0 0.295345 0.577844 0.393591 0.268606
0 0.293531 0.803251 0.393591 0.141146
0 0.706167 0.233319 0.391778 0.211719
0 0.707981 0.408683 0.389359 0.113345
0 0.706167 0.539564 0.394196 0.126176
0 0.706771 0.755133 0.394196 0.284431
4 0.329807 0.135800 0.035671 0.014115
4 0.134522 0.470915 0.044135 0.013687
4 0.310157 0.744867 0.033857 0.013259
4 0.724607 0.136655 0.040508 0.013259
4 0.724305 0.363559 0.037485 0.013687
4 0.725212 0.486313 0.038089 0.012831
4 0.663241 0.639435 0.036276 0.014542
