0 0.290206 0.260907 0.386941 0.266895
0 0.289299 0.536784 0.392382 0.190761
0 0.293229 0.788281 0.384522 0.222412
0 0.706167 0.184132 0.391778 0.114200
0 0.704958 0.366339 0.391778 0.161249
0 0.703748 0.570787 0.388150 0.163815
0 0.706167 0.794482 0.395405 0.203165
4 0.322854 0.136014 0.036276 0.014542
4 0.309855 0.452737 0.035671 0.018392
4 0.307739 0.687981 0.032648 0.014970
4 0.753628 0.138152 0.034462 0.013687
4 0.544438 0.312447 0.036880 0.016681
4 0.721584 0.500642 0.035671 0.014970
4 0.776904 0.704234 0.033857 0.016681
