0 0.299274 0.263901 0.374849 0.247220
0 0.297461 0.502352 0.373640 0.161249
0 0.299274 0.748075 0.374849 0.262618
0 0.695889 0.241446 0.376058 0.198888
0 0.696796 0.409966 0.371826 0.096236
0 0.690750 0.545552 0.363362 0.130453
0 0.694982 0.684559 0.371826 0.113345
4 0.186215 0.165526 0.033857 0.011976
4 0.299274 0.431352 0.049577 0.010693
4 0.215538 0.641146 0.035671 0.011121
4 0.717352 0.151625 0.032044 0.013259
4 0.809855 0.372541 0.036880 0.011976
4 0.797158 0.489093 0.034462 0.012404
4 0.809250 0.641788 0.035671 0.013259
