0 0.289299 0.310522 0.388755 0.112917
0 0.282044 0.426861 0.383918 0.096664
0 0.292322 0.521814 0.392382 0.069290
0 0.294438 0.666168 0.389359 0.202310
0 0.285067 0.809453 0.371826 0.065441
0 0.282044 0.877032 0.380290 0.044910
0 0.704958 0.235244 0.390568 0.100941
0 0.713120 0.326133 0.409311 0.063730
0 0.704051 0.424294 0.389964 0.109495
0 0.711004 0.571215 0.396614 0.157827
0 0.707981 0.717280 0.395405 0.112917
0 0.705865 0.840034 0.391173 0.113772
6 0.145103 0.282079 0.058041 0.013259
6 0.437727 0.389222 0.058041 0.013687
6 0.453144 0.497434 0.057437 0.014542
6 0.146917 0.591104 0.059250 0.015398
6 0.432588 0.787425 0.058646 0.012831
6 0.361548 0.866339 0.061669 0.015825
6 0.862455 0.195466 0.058646 0.012831
6 0.588271 0.317793 0.054414 0.014542
6 0.676542 0.394996 0.059250 0.013259
6 0.601270 0.518178 0.056227 0.014970
6 0.633011 0.687340 0.058041 0.016253
6 0.633011 0.808597 0.062878 0.015825
