0 0.299577 0.251283 0.371826 0.223695
0 0.302600 0.428571 0.373035 0.118905
0 0.298368 0.576989 0.371826 0.166809
0 0.296554 0.774380 0.371826 0.216852
0 0.698005 0.762618 0.377872 0.243798
0 0.702842 0.484175 0.386336 0.256630
0 0.698005 0.235458 0.377872 0.186056
4 0.175333 0.166382 0.033857 0.015398
4 0.465236 0.379170 0.034462 0.014115
4 0.322249 0.507485 0.032648 0.014115
4 0.175333 0.695894 0.031439 0.015398
4 0.720979 0.151839 0.034462 0.012831
4 0.574365 0.383234 0.038694 0.015398
4 0.731862 0.654619 0.041717 0.014115
