0 0.290206 0.266039 0.380895 0.114628
0 0.291415 0.415526 0.388150 0.154405
0 0.293531 0.567793 0.391173 0.115056
0 0.289299 0.711292 0.392382 0.135158
0 0.290508 0.845595 0.391173 0.103507
0 0.704051 0.309239 0.387545 0.200171
0 0.704958 0.494654 0.390568 0.155261
0 0.704958 0.661677 0.394196 0.163388
0 0.703748 0.825278 0.400242 0.144140
4 0.309553 0.219846 0.035067 0.015398
4 0.137848 0.365269 0.050786 0.011976
4 0.301995 0.520530 0.033253 0.015398
4 0.350363 0.653978 0.035671 0.011121
4 0.357618 0.807528 0.038089 0.015398
4 0.827690 0.221129 0.050786 0.015398
4 0.865175 0.429855 0.037485 0.016253
4 0.715840 0.592601 0.035067 0.014970
4 0.713120 0.765612 0.035671 0.014542
