0 0.289299 0.256416 0.354897 0.232250
0 0.297461 0.467494 0.367594 0.166809
0 0.296252 0.630881 0.368803 0.122327
0 0.295949 0.794482 0.364571 0.182635
0 0.699819 0.261121 0.377872 0.237382
0 0.695889 0.503422 0.368803 0.218991
0 0.698307 0.747434 0.378476 0.261334
4 0.323458 0.151625 0.035067 0.013259
4 0.345526 0.398417 0.035671 0.013259
4 0.463120 0.578914 0.026602 0.012404
4 0.322854 0.714713 0.033857 0.015398
4 0.731258 0.151411 0.047763 0.011976
4 0.626965 0.418948 0.033857 0.011548
4 0.796554 0.631950 0.035671 0.013259
