0 0.296554 0.357357 0.370617 0.271600
0 0.297461 0.575706 0.372430 0.127459
0 0.295345 0.770317 0.369407 0.220701
0 0.694680 0.789778 0.374849 0.180068
0 0.692866 0.609709 0.373640 0.150984
0 0.683797 0.455518 0.357920 0.127459
0 0.693773 0.297263 0.375453 0.153978
4 0.407497 0.231180 0.038694 0.012404
4 0.172612 0.538494 0.034462 0.014542
4 0.375151 0.673439 0.035671 0.012404
4 0.791112 0.231608 0.036880 0.013259
4 0.759674 0.400770 0.035671 0.012831
4 0.812878 0.543841 0.036880 0.014115
4 0.791415 0.712789 0.036276 0.015825
