0 0.290508 0.244440 0.389964 0.239093
0 0.292322 0.477759 0.392382 0.180496
0 0.291415 0.676647 0.386941 0.169376
0 0.291112 0.842601 0.391173 0.105218
0 0.707074 0.187340 0.393591 0.119760
0 0.703144 0.382164 0.389359 0.229683
0 0.708283 0.605860 0.398428 0.180068
0 0.704958 0.805603 0.391778 0.182635
4 0.432890 0.138580 0.033857 0.017109
4 0.397823 0.399059 0.038694 0.011976
4 0.385127 0.603080 0.049577 0.013687
4 0.306832 0.801540 0.035671 0.014542
4 0.719468 0.138152 0.037485 0.013687
4 0.735187 0.279085 0.037485 0.015825
4 0.870919 0.526732 0.035671 0.013259
4 0.721584 0.723695 0.040508 0.014542
