0 0.265115 0.271814 0.305320 0.101369
0 0.264813 0.429213 0.303507 0.175791
0 0.297461 0.592173 0.370012 0.113345
0 0.295345 0.703807 0.371826 0.091959
0 0.296554 0.822498 0.373035 0.114628
0 0.694982 0.750855 0.379081 0.258768
0 0.690750 0.525449 0.369407 0.124465
0 0.697703 0.325064 0.386941 0.208725
4 0.359734 0.229683 0.033857 0.012831
4 0.319528 0.352652 0.036880 0.013259
4 0.310157 0.544055 0.033857 0.014542
4 0.439541 0.670017 0.038694 0.014115
4 0.363966 0.780154 0.035067 0.012831
4 0.818622 0.230753 0.033857 0.011548
4 0.708585 0.476903 0.037485 0.016253
4 0.750605 0.633875 0.036880 0.014542
