0 0.302600 0.227973 0.365780 0.175364
0 0.297461 0.448460 0.374849 0.226262
0 0.299577 0.655689 0.371826 0.153122
0 0.298368 0.814371 0.373035 0.130026
0 0.687727 0.209795 0.353688 0.135586
0 0.695889 0.347519 0.368803 0.110778
0 0.673216 0.461078 0.328295 0.093242
0 0.698912 0.609068 0.374849 0.175364
0 0.698912 0.757913 0.376058 0.101796
4 0.323761 0.150770 0.032044 0.014970
4 0.187122 0.361848 0.033253 0.017109
4 0.323458 0.591531 0.035067 0.015398
4 0.463120 0.761976 0.038694 0.014115
4 0.755441 0.151411 0.030834 0.014542
4 0.721282 0.303037 0.031439 0.013259
4 0.727630 0.424722 0.036880 0.015398
4 0.548670 0.544910 0.045345 0.016253
4 0.798065 0.718991 0.035067 0.015398
