0 0.295565 0.251140 0.370161 0.218358
0 0.295565 0.439852 0.376613 0.135120
0 0.297177 0.597491 0.376613 0.144812
0 0.293145 0.781927 0.368548 0.194413
0 0.692742 0.818130 0.375806 0.132269
0 0.695968 0.604903 0.382258 0.269099
0 0.693548 0.368301 0.374194 0.169897
0 0.689113 0.207811 0.371774 0.133979
4 0.321371 0.153079 0.036290 0.016534
4 0.718145 0.152223 0.036290 0.020525
4 0.715726 0.296180 0.041129 0.019954
4 0.320565 0.385120 0.044355 0.019954
4 0.324194 0.536203 0.037097 0.018814
4 0.626210 0.497434 0.039516 0.016534
4 0.328226 0.698974 0.048387 0.013683
4 0.720968 0.766249 0.041935 0.015964
