0 0.296371 0.217218 0.378226 0.150513
0 0.297581 0.378278 0.375806 0.129418
0 0.295565 0.563854 0.384677 0.209806
0 0.295565 0.789624 0.383065 0.199544
0 0.695968 0.191562 0.377419 0.096921
0 0.690323 0.384835 0.374194 0.046750
0 0.656452 0.484036 0.303226 0.106043
0 0.684677 0.730616 0.361290 0.065564
0 0.676613 0.835519 0.350000 0.102052
4 0.354032 0.155359 0.046774 0.013113
4 0.433871 0.328962 0.033871 0.017104
4 0.320968 0.490593 0.032258 0.015393
4 0.312500 0.704105 0.036290 0.015964
4 0.685887 0.155359 0.036290 0.013113
4 0.722177 0.372007 0.039516 0.015393
4 0.718145 0.711231 0.036290 0.014253
4 0.703629 0.444128 0.034677 0.014823
4 0.789516 0.799031 0.037097 0.014253
