0 0.282661 0.270239 0.355645 0.044470
0 0.254032 0.362885 0.291935 0.099772
0 0.274194 0.648803 0.337097 0.055872
0 0.297581 0.791334 0.383871 0.190422
0 0.681048 0.254276 0.355645 0.049031
0 0.683871 0.312429 0.359677 0.049031
0 0.683871 0.483181 0.362903 0.045040
0 0.689113 0.671038 0.368548 0.302166
4 0.341935 0.261973 0.037097 0.016534
4 0.374597 0.324686 0.039516 0.015393
4 0.320565 0.633409 0.034677 0.014823
4 0.347581 0.708381 0.037097 0.016534
4 0.672177 0.246294 0.034677 0.013683
4 0.698387 0.301881 0.037097 0.013113
4 0.661290 0.475485 0.037097 0.017104
4 0.783468 0.530502 0.039516 0.013113
