0 0.281048 0.249430 0.350806 0.206956
0 0.294758 0.422748 0.375000 0.122577
0 0.298387 0.578962 0.370968 0.167047
0 0.298387 0.779647 0.370968 0.214937
0 0.691532 0.264253 0.375000 0.234322
0 0.693145 0.496294 0.375000 0.153364
0 0.694758 0.746864 0.378226 0.280502
4 0.355242 0.156214 0.036290 0.011403
4 0.759274 0.156784 0.034677 0.011403
4 0.318952 0.374857 0.037903 0.013113
4 0.350403 0.505131 0.036290 0.013683
4 0.718548 0.428449 0.038710 0.015393
4 0.741532 0.616021 0.036290 0.014253
4 0.228226 0.695838 0.033871 0.014253
