0 0.293952 0.205815 0.373387 0.127708
0 0.295565 0.358894 0.376613 0.138540
0 0.693952 0.273660 0.371774 0.256556
0 0.690726 0.508837 0.368548 0.208096
0 0.297177 0.516249 0.376613 0.133979
0 0.281452 0.678164 0.335484 0.095211
0 0.290323 0.784493 0.359677 0.066135
0 0.695161 0.746864 0.374194 0.267959
6 0.227016 0.165906 0.057258 0.015964
6 0.225806 0.324401 0.056452 0.015964
6 0.225403 0.479475 0.058871 0.015964
4 0.379032 0.639111 0.038710 0.013683
4 0.308468 0.765678 0.037903 0.020525
4 0.829839 0.622577 0.040323 0.015964
4 0.742742 0.151653 0.041935 0.017104
4 0.860081 0.416192 0.034677 0.017104
