0 0.296774 0.265393 0.369355 0.079247
0 0.296371 0.385120 0.371774 0.136260
0 0.299597 0.551026 0.376613 0.168187
0 0.299597 0.707811 0.373387 0.122577
0 0.297984 0.832098 0.373387 0.108894
0 0.693145 0.292759 0.381452 0.137400
0 0.692339 0.459236 0.373387 0.168187
0 0.691532 0.633409 0.371774 0.150513
0 0.692339 0.805017 0.373387 0.163056
4 0.379839 0.235462 0.037097 0.013683
4 0.148790 0.341505 0.047581 0.014823
4 0.311694 0.476055 0.041129 0.012543
4 0.709274 0.235747 0.041129 0.014253
4 0.789516 0.388540 0.035484 0.014253
4 0.710484 0.567275 0.038710 0.013683
4 0.356452 0.653649 0.038710 0.013113
4 0.365726 0.788483 0.034677 0.013683
4 0.738710 0.733181 0.035484 0.014823
