0 0.298387 0.217218 0.382258 0.149373
0 0.296371 0.389111 0.378226 0.151083
0 0.299194 0.562714 0.372581 0.133409
0 0.301613 0.775086 0.383871 0.229761
0 0.699194 0.218073 0.382258 0.152223
0 0.698790 0.360889 0.379839 0.127708
0 0.699194 0.526226 0.388710 0.188141
0 0.697177 0.759407 0.376613 0.256556
4 0.311694 0.154789 0.034677 0.018814
4 0.367742 0.329532 0.033871 0.014823
4 0.312500 0.509407 0.036290 0.016534
4 0.297581 0.673603 0.035484 0.018814
4 0.709677 0.155074 0.037097 0.017104
4 0.722984 0.311859 0.037903 0.014823
4 0.710484 0.445553 0.032258 0.015393
4 0.801210 0.642816 0.034677 0.014253
