0 0.295968 0.219498 0.369355 0.152794
0 0.296774 0.414766 0.370968 0.190992
0 0.298790 0.625713 0.371774 0.179590
0 0.298387 0.811859 0.370968 0.150513
0 0.692339 0.243158 0.370161 0.194413
0 0.693145 0.503421 0.371774 0.241733
0 0.694758 0.774515 0.378226 0.224059
4 0.320968 0.155644 0.033871 0.013683
4 0.320968 0.330103 0.035484 0.014823
4 0.741129 0.155074 0.033871 0.012543
4 0.731048 0.393101 0.036290 0.010832
4 0.321371 0.545895 0.039516 0.015393
4 0.454435 0.747719 0.034677 0.017674
4 0.860484 0.675884 0.033871 0.017674
