0 0.297581 0.273090 0.379032 0.099202
0 0.293952 0.383694 0.378226 0.093501
0 0.298387 0.507982 0.387097 0.129989
0 0.300403 0.632839 0.381452 0.096921
0 0.304839 0.737457 0.382258 0.100912
0 0.301613 0.843501 0.383871 0.091790
0 0.701613 0.271665 0.395161 0.092930
0 0.698790 0.404219 0.384677 0.096921
0 0.706048 0.568985 0.402419 0.156214
0 0.703226 0.785918 0.388710 0.203535
4 0.340323 0.235462 0.046774 0.014823
4 0.340726 0.346351 0.033065 0.014253
4 0.286290 0.453535 0.043548 0.013113
4 0.359274 0.596351 0.036290 0.017104
4 0.306048 0.702680 0.036290 0.014253
4 0.307661 0.809008 0.034677 0.015964
4 0.703629 0.236887 0.034677 0.014253
4 0.755242 0.368016 0.037903 0.015393
4 0.837500 0.501425 0.034677 0.015393
4 0.710081 0.696978 0.034677 0.014253
