0 0.295565 0.259122 0.375000 0.232041
0 0.291935 0.513683 0.382258 0.196123
0 0.295161 0.764823 0.382258 0.245724
0 0.687500 0.253421 0.384677 0.219498
0 0.693952 0.469213 0.383065 0.156214
0 0.695968 0.671038 0.385484 0.193843
0 0.695161 0.841220 0.374194 0.092930
4 0.373790 0.156214 0.031452 0.014823
4 0.391532 0.427024 0.031452 0.013683
4 0.458871 0.656214 0.035484 0.013683
4 0.756048 0.155359 0.036290 0.013113
4 0.685484 0.406214 0.035484 0.014253
4 0.800000 0.589225 0.035484 0.014253
4 0.685887 0.811003 0.041129 0.015393
