0 0.290323 0.319270 0.380645 0.109464
0 0.288306 0.432440 0.358871 0.095211
0 0.291129 0.523090 0.375806 0.073546
0 0.294758 0.660490 0.371774 0.189852
0 0.289919 0.793900 0.355645 0.066705
0 0.280645 0.857184 0.346774 0.051881
0 0.690726 0.703535 0.365323 0.111745
0 0.690726 0.820410 0.365323 0.110604
0 0.694355 0.567560 0.375806 0.149943
0 0.694355 0.430160 0.375806 0.105473
0 0.696371 0.328962 0.375000 0.069555
0 0.689113 0.239738 0.365323 0.091790
6 0.154839 0.291334 0.062903 0.011403
6 0.433871 0.396237 0.058065 0.017104
6 0.451210 0.500570 0.054032 0.017104
6 0.666532 0.400798 0.060484 0.015964
6 0.582258 0.518814 0.058065 0.015964
6 0.552823 0.322121 0.062097 0.013683
6 0.843145 0.205245 0.055645 0.018244
6 0.453226 0.580388 0.053226 0.014823
6 0.624194 0.675314 0.061290 0.015393
6 0.431452 0.771950 0.062903 0.018244
6 0.362903 0.848062 0.056452 0.015393
6 0.629032 0.792474 0.070968 0.014823
