0 0.292339 0.257127 0.383065 0.225770
0 0.296774 0.506556 0.375806 0.165906
0 0.298387 0.767959 0.379032 0.240593
0 0.691532 0.210661 0.371774 0.135120
0 0.692339 0.355188 0.376613 0.111745
0 0.694355 0.495154 0.382258 0.129418
0 0.696371 0.639966 0.381452 0.108894
4 0.237903 0.171038 0.037097 0.015964
4 0.296371 0.435861 0.049194 0.017674
4 0.714516 0.153934 0.035484 0.014823
4 0.852823 0.308153 0.034677 0.013113
4 0.762500 0.443843 0.036290 0.014253
4 0.796371 0.600342 0.041129 0.015964
4 0.187097 0.674458 0.035484 0.013683
