0 0.246371 0.287628 0.283065 0.137400
0 0.287903 0.430730 0.382258 0.081528
0 0.256048 0.566705 0.302419 0.127708
0 0.291935 0.712657 0.380645 0.087799
0 0.292742 0.840935 0.375806 0.088940
0 0.690726 0.811859 0.375000 0.142531
0 0.699597 0.615450 0.383065 0.203535
0 0.692339 0.437856 0.375000 0.114025
0 0.692339 0.285918 0.375000 0.133979
4 0.752016 0.230331 0.036290 0.018244
4 0.722984 0.389966 0.039516 0.018244
4 0.233871 0.232041 0.043548 0.019384
4 0.315323 0.405359 0.037097 0.018244
4 0.374597 0.518814 0.042742 0.018244
4 0.706452 0.528221 0.035484 0.015393
4 0.712500 0.751710 0.039516 0.016534
4 0.366532 0.681015 0.034677 0.017674
4 0.314113 0.810433 0.042742 0.018814
