0 0.300000 0.216363 0.379032 0.156784
0 0.293548 0.470353 0.379032 0.263398
0 0.299194 0.766819 0.383871 0.232611
0 0.693952 0.203250 0.383065 0.131699
0 0.698790 0.383124 0.387903 0.172178
0 0.652823 0.725770 0.292742 0.078677
0 0.699194 0.842075 0.380645 0.088940
4 0.310887 0.150798 0.063710 0.015393
4 0.397984 0.351197 0.047581 0.014823
4 0.228226 0.678164 0.033871 0.015393
4 0.708871 0.149658 0.038710 0.015393
4 0.780242 0.308153 0.045968 0.014253
4 0.711694 0.697548 0.036290 0.015393
4 0.769355 0.810148 0.046774 0.015964
