0 0.293548 0.249715 0.383871 0.217788
0 0.294758 0.455815 0.375000 0.163626
0 0.295565 0.633979 0.370161 0.171038
0 0.297984 0.811288 0.368548 0.145952
0 0.695968 0.754276 0.385484 0.253136
0 0.703226 0.547891 0.388710 0.142531
0 0.698790 0.377993 0.391129 0.174458
0 0.690323 0.212087 0.383871 0.142531
4 0.317339 0.151938 0.037903 0.018814
4 0.461694 0.384835 0.039516 0.021665
4 0.716532 0.485747 0.039516 0.017104
4 0.797177 0.303022 0.045968 0.016534
4 0.742742 0.150798 0.035484 0.021095
4 0.731452 0.637400 0.064516 0.017104
4 0.319758 0.557298 0.034677 0.023375
4 0.395565 0.748290 0.047581 0.019954
